0.072830	0.0000
0.078827	0.0000
0.075073	0.0000
0.082901	0.0000
0.078430	0.0000
0.077911	0.0000
0.078522	0.0000
0.081070	0.0000
0.071915	0.0000
0.083099	0.0000
0.070892	0.0000
0.085236	0.0000
0.076492	0.0000
0.081879	0.0000
0.081268	0.0000
0.082397	0.0000
0.075882	0.0000
0.077209	0.0000
0.076492	0.0000
0.082703	0.0000
0.071411	0.0000
0.083710	0.0000
0.079651	0.0000
0.082184	0.0000
0.071808	0.0000
0.078827	0.0000
0.075882	0.0000
0.081787	0.0000
0.075378	0.0000
0.082184	0.0000
0.078018	0.0000
0.085541	0.0000
0.072830	0.0000
0.079239	0.0000
0.075684	0.0000
0.083511	0.0000
0.078430	0.0000
0.078827	0.0000
0.079956	0.0000
0.083099	0.0000
0.072632	0.0000
0.077209	0.0000
0.075073	0.0000
0.084625	0.0000
0.078629	0.0000
0.079041	0.0000
0.075684	0.0000
0.081268	0.0000
0.073853	0.0000
0.080963	0.0000
0.074966	0.0000
0.085236	0.0000
0.076385	0.0000
0.083313	0.0000
0.079651	1.9725E-5
0.081985	1.9725E-5
0.074661	1.9725E-5
0.077209	1.9725E-5
0.074158	1.9725E-5
0.082489	1.9725E-5
0.073944	1.9725E-5
0.084122	1.9725E-5
0.072830	1.9725E-5
0.081375	1.9725E-5
0.071716	1.9725E-5
0.076691	1.9725E-5
0.075775	1.9725E-5
0.081879	1.9725E-5
0.073135	1.9725E-5
0.082092	1.9725E-5
0.071808	1.9725E-5
0.085648	1.9725E-5
0.072220	1.9725E-5
0.076599	1.9725E-5
0.076080	3.9450E-5
0.080154	3.9450E-5
0.079742	3.9450E-5
0.080460	3.9450E-5
0.076492	3.9450E-5
0.083008	5.9175E-5
0.071198	5.9175E-5
0.081177	5.9175E-5
0.073746	7.8900E-5
0.084320	7.8900E-5
0.076996	7.8900E-5
0.078827	7.8900E-5
0.074051	9.8625E-5
0.080048	9.8625E-5
0.077911	9.8625E-5
0.080658	9.8625E-5
0.075684	9.8625E-5
0.084534	9.8625E-5
0.072830	9.8625E-5
0.080963	9.8625E-5
0.070190	9.8625E-5
0.081070	9.8625E-5
0.074051	9.8625E-5
0.077103	9.8625E-5
0.076599	9.8625E-5
0.082291	9.8625E-5
0.070694	9.8625E-5
0.080963	9.8625E-5
0.079742	9.8625E-5
0.084534	9.8625E-5
0.070801	9.8625E-5
0.077209	9.8625E-5
0.076492	9.8625E-5
0.082596	9.8625E-5
0.075882	9.8625E-5
0.078323	9.8625E-5
0.078125	9.8625E-5
0.084839	9.8625E-5
0.070496	9.8625E-5
0.075577	9.8625E-5
0.074158	1.1835E-4
0.085846	1.1835E-4
0.075989	1.5780E-4
0.077408	1.9725E-4
0.078323	2.5643E-4
0.082092	2.7615E-4
0.072830	2.9588E-4
0.081482	3.1560E-4
0.072632	3.3533E-4
0.086563	3.5505E-4
0.069580	3.9450E-4
0.080048	4.3395E-4
0.079956	4.5368E-4
0.081482	4.7340E-4
0.073639	5.1285E-4
0.075989	5.3258E-4
0.073944	5.5230E-4
0.080765	5.5230E-4
0.073334	5.7202E-4
0.083099	5.9175E-4
0.076385	6.1147E-4
0.079742	6.3120E-4
0.071609	6.3120E-4
0.073441	6.5092E-4
0.074463	6.5092E-4
0.081177	6.5092E-4
0.069778	6.5092E-4
0.080872	6.5092E-4
0.077606	6.5092E-4
0.084122	6.5092E-4
0.070694	6.5092E-4
0.074356	6.5092E-4
0.074860	6.5092E-4
0.080460	6.5092E-4
0.080460	6.5092E-4
0.076080	6.5092E-4
0.075577	6.5092E-4
0.079956	6.7065E-4
0.072021	6.7065E-4
0.077209	6.9037E-4
0.072723	7.4955E-4
0.084229	7.8900E-4
0.076996	8.2845E-4
0.075775	8.4817E-4
0.073547	8.8762E-4
0.080261	9.2707E-4
0.071411	9.6652E-4
0.081070	0.0010060
0.072418	0.0010651
0.083923	0.0011046
0.072830	0.0011440
0.081268	0.0011835
0.071198	0.0012229
0.076904	0.0012624
0.073334	0.0013018
0.075775	0.0013216
0.072418	0.0013413
0.078125	0.0013610
0.073441	0.0013807
0.082901	0.0014005
0.068146	0.0014005
0.080048	0.0014005
0.066833	0.0014005
0.075577	0.0014005
0.076385	0.0014005
0.077103	0.0014005
0.070694	0.0014005
0.076904	0.0014005
0.073746	0.0014005
0.083817	0.0014005
0.067642	0.0014005
0.074356	0.0014202
0.072418	0.0014202
0.081879	0.0014202
0.073746	0.0014202
0.075378	0.0014399
0.077209	0.0014794
0.078125	0.0015385
0.069977	0.0015780
0.075989	0.0016174
0.070389	0.0016569
0.082794	0.0016963
0.071915	0.0017358
0.074554	0.0017752
0.078934	0.0018344
0.078323	0.0018739
0.071609	0.0019133
0.077911	0.0019725
0.071411	0.0020119
0.077606	0.0020514
0.070587	0.0020711
0.078934	0.0021106
0.070190	0.0021500
0.076996	0.0021697
0.067947	0.0021895
0.074860	0.0022289
0.075272	0.0022486
0.075378	0.0022684
0.069778	0.0022881
0.077713	0.0023078
0.069885	0.0023275
0.077209	0.0023473
0.068253	0.0023670
0.069977	0.0024064
0.074661	0.0024262
0.077713	0.0024459
0.070282	0.0024853
0.072113	0.0025248
0.073853	0.0025445
0.079346	0.0025840
0.067947	0.0026234
0.073639	0.0026629
0.066422	0.0027023
0.080765	0.0027418
0.072418	0.0027812
0.076492	0.0028207
0.074463	0.0028601
0.074356	0.0028996
0.070694	0.0029390
0.076187	0.0029785
0.068970	0.0029982
0.078217	0.0030376
0.070389	0.0030771
0.078629	0.0030968
0.076691	0.0031363
0.074051	0.0031560
0.069473	0.0031954
0.074966	0.0032152
0.071304	0.0032349
0.073135	0.0032546
0.069366	0.0032941
0.079651	0.0033138
0.073334	0.0033335
0.076904	0.0033532
0.068451	0.0033730
0.071304	0.0033927
0.073944	0.0034321
0.074051	0.0034519
0.069885	0.0034716
0.077301	0.0035110
0.072220	0.0035505
0.081680	0.0035702
0.066620	0.0036294
0.074158	0.0036688
0.069778	0.0037083
0.078934	0.0037477
0.071609	0.0038069
0.075882	0.0038464
0.072632	0.0039055
0.079651	0.0039450
0.066528	0.0039844
0.078323	0.0040436
0.067337	0.0040831
0.080353	0.0041225
0.073547	0.0041817
0.074860	0.0042211
0.073029	0.0042606
0.077301	0.0043000
0.072632	0.0043198
0.078430	0.0043395
0.067841	0.0043789
0.080261	0.0043987
0.068253	0.0044381
0.080566	0.0044578
0.066833	0.0044776
0.078629	0.0045170
0.069473	0.0045367
0.072220	0.0045565
0.074463	0.0045762
0.076080	0.0045959
0.070892	0.0046156
0.079742	0.0046354
0.070389	0.0046551
0.078827	0.0046748
0.068756	0.0046945
0.075378	0.0046945
0.074158	0.0046945
0.075882	0.0046945
0.070389	0.0046945
0.074356	0.0046945
0.073441	0.0046945
0.079742	0.0046945
0.066620	0.0047143
0.077301	0.0047143
0.069061	0.0047143
0.077209	0.0047143
0.076294	0.0047340
0.077713	0.0047537
0.072937	0.0047734
0.079437	0.0047932
0.070496	0.0048129
0.076797	0.0048326
0.070587	0.0048523
0.081985	0.0048918
0.071198	0.0049312
0.076294	0.0049707
0.076996	0.0050101
0.077820	0.0050496
0.072937	0.0051088
0.074661	0.0051679
0.071915	0.0052074
0.076385	0.0052666
0.067749	0.0053060
0.080872	0.0053652
0.075378	0.0054046
0.079651	0.0054441
0.067337	0.0054835
0.075684	0.0055230
0.074966	0.0055624
0.077301	0.0056019
0.071411	0.0056413
0.078018	0.0056808
0.071411	0.0057202
0.083405	0.0057597
0.067947	0.0057991
0.074661	0.0058386
0.072113	0.0058780
0.074249	0.0059175
0.075165	0.0059569
0.078018	0.0059964
0.072723	0.0060556
0.080261	0.0060950
0.072327	0.0061542
0.081482	0.0061936
0.070389	0.0062528
0.074554	0.0063120
0.074051	0.0063514
0.078827	0.0064106
0.077301	0.0064501
0.081070	0.0064895
0.073547	0.0065290
0.080154	0.0065684
0.072327	0.0065881
0.076492	0.0066276
0.070190	0.0066670
0.081787	0.0066868
0.077911	0.0067262
0.080765	0.0067459
0.072830	0.0067854
0.076294	0.0068051
0.073029	0.0068446
0.081573	0.0068840
0.072113	0.0069235
0.083405	0.0069629
0.073746	0.0070024
0.084122	0.0070615
0.070282	0.0071010
0.075272	0.0071404
0.075165	0.0071799
0.079849	0.0072391
0.071609	0.0072785
0.080048	0.0073180
0.074463	0.0073574
0.085953	0.0073969
0.069275	0.0074560
0.081482	0.0074955
0.070496	0.0075547
0.079346	0.0076138
0.076797	0.0076533
0.081070	0.0077125
0.073746	0.0077519
0.082092	0.0078111
0.075470	0.0078505
0.084229	0.0078900
0.070587	0.0079294
0.081375	0.0079886
0.072937	0.0080281
0.081573	0.0080675
0.078430	0.0081267
0.082596	0.0081661
0.079041	0.0082056
0.078323	0.0082648
0.075577	0.0082845
0.083008	0.0083239
0.072418	0.0083437
0.083099	0.0083634
0.080261	0.0083831
0.081177	0.0083831
0.073746	0.0084028
0.080154	0.0084028
0.075684	0.0084226
0.081879	0.0084423
0.071609	0.0084620
0.082901	0.0084620
0.075470	0.0084817
0.086563	0.0085015
0.073853	0.0085212
0.079346	0.0085606
0.074768	0.0085804
0.079132	0.0086001
0.079239	0.0086198
0.079956	0.0086395
0.078323	0.0086593
0.083405	0.0086790
0.075272	0.0086987
0.080872	0.0087184
0.072327	0.0087184
0.080963	0.0087382
0.077408	0.0087382
0.082184	0.0087382
0.076797	0.0087579
0.083817	0.0087579
0.076080	0.0087776
0.083313	0.0087973
0.074356	0.0088171
0.078735	0.0088565
0.076599	0.0088762
0.083710	0.0089157
0.082489	0.0089354
0.083099	0.0089749
0.078125	0.0090143
0.079956	0.0090538
0.078018	0.0090932
0.086151	0.0091327
0.073944	0.0091721
0.085754	0.0092116
0.075684	0.0092510
0.084930	0.0092905
0.071503	0.0093299
0.080353	0.0093694
0.079742	0.0094285
0.083206	0.0094680
0.076797	0.0095272
0.081985	0.0095666
0.077103	0.0096258
0.084930	0.0096850
0.076385	0.0097244
0.080154	0.0097639
0.074249	0.0098033
0.085236	0.0098428
0.080872	0.0098625
0.082184	0.0099019
0.078522	0.0099217
0.085037	0.0099414
0.076080	0.0099808
0.082703	0.010001
0.077713	0.010020
0.087677	0.010040
0.079346	0.010060
0.082397	0.010099
0.081879	0.010119
0.082397	0.010139
0.079239	0.010158
0.082901	0.010178
0.076904	0.010198
0.084839	0.010198
0.076294	0.010198
0.087173	0.010218
0.083008	0.010218
0.081985	0.010218
0.077820	0.010218
0.081375	0.010237
0.078018	0.010257
0.084229	0.010296
0.074356	0.010356
0.085449	0.010395
0.080048	0.010454
0.085144	0.010494
0.074661	0.010553
0.082184	0.010592
0.077301	0.010632
0.083405	0.010651
0.075577	0.010691
0.082291	0.010730
0.077713	0.010750
0.087784	0.010790
0.075165	0.010809
0.079544	0.010829
0.074158	0.010849
0.086456	0.010868
0.077713	0.010888
0.083511	0.010908
0.081177	0.010928
0.082901	0.010947
0.077209	0.010967
0.085037	0.010987
0.077209	0.011007
0.087067	0.011026
0.075073	0.011046
0.084534	0.011066
0.081985	0.011066
0.082291	0.011085
0.080566	0.011105
0.081787	0.011105
0.078430	0.011105
0.083206	0.011125
0.074249	0.011125
0.087677	0.011125
0.072830	0.011125
0.081268	0.011145
0.073639	0.011145
0.080963	0.011145
0.081375	0.011164
0.081787	0.011164
0.077515	0.011184
0.082794	0.011204
0.075577	0.011204
0.088593	0.011224
0.075470	0.011224
0.081573	0.011243
0.076385	0.011263
0.082794	0.011283
0.081482	0.011283
0.080460	0.011302
0.079849	0.011302
0.084625	0.011322
0.074158	0.011322
0.082596	0.011342
0.077911	0.011342
0.087891	0.011342
0.077515	0.011362
0.082596	0.011362
0.078323	0.011362
0.082596	0.011362
0.079239	0.011362
0.083099	0.011381
0.075684	0.011401
0.086456	0.011421
0.077911	0.011440
0.082703	0.011460
0.077301	0.011480
0.080872	0.011480
0.076492	0.011500
0.080963	0.011500
0.078629	0.011519
0.084320	0.011519
0.073944	0.011539
0.087067	0.011559
0.079346	0.011579
0.084015	0.011598
0.072418	0.011638
0.078827	0.011657
0.079849	0.011697
0.083099	0.011736
0.078125	0.011796
0.080658	0.011835
0.080048	0.011874
0.087067	0.011914
0.074051	0.011953
0.081375	0.011993
0.074768	0.012032
0.082184	0.012052
0.079651	0.012091
0.081177	0.012111
0.079956	0.012131
0.082184	0.012151
0.074860	0.012170
0.081879	0.012190
0.076996	0.012210
0.085037	0.012229
0.077911	0.012249
0.078827	0.012269
0.076080	0.012308
0.083008	0.012328
0.079132	0.012368
0.084015	0.012407
0.077301	0.012446
0.083008	0.012466
0.077301	0.012506
0.083206	0.012525
0.075272	0.012565
0.080261	0.012585
0.075684	0.012604
0.079346	0.012624
0.078735	0.012644
0.081375	0.012644
0.076385	0.012644
0.083206	0.012663
0.071808	0.012663
0.085236	0.012663
0.070694	0.012663
0.080963	0.012663
0.078827	0.012663
0.082397	0.012663
0.077408	0.012663
0.079849	0.012663
0.079239	0.012663
0.083405	0.012663
0.075073	0.012663
0.078934	0.012663
0.075165	0.012683
0.083206	0.012703
0.079346	0.012723
0.080963	0.012742
0.080765	0.012762
0.080658	0.012782
0.075775	0.012782
0.081680	0.012782
0.075577	0.012782
0.086975	0.012782
0.076904	0.012782
0.080963	0.012782
0.082703	0.012782
0.083099	0.012782
0.077209	0.012782
0.081177	0.012782
0.073944	0.012782
0.083511	0.012782
0.076080	0.012782
0.082794	0.012782
0.076080	0.012782
0.080048	0.012782
0.074356	0.012782
0.078629	0.012782
0.080963	0.012782
0.083618	0.012782
0.074356	0.012782
0.083313	0.012782
0.072937	0.012782
0.086258	0.012782
0.071411	0.012802
0.079956	0.012802
0.076294	0.012802
0.083313	0.012802
0.079651	0.012802
0.081879	0.012802
0.077606	0.012802
0.083313	0.012821
0.073547	0.012821
0.081177	0.012821
0.074966	0.012821
0.088287	0.012821
0.076904	0.012841
0.082397	0.012841
0.077103	0.012861
0.081573	0.012861
0.078430	0.012861
0.082092	0.012880
0.074463	0.012880
0.083923	0.012880
0.075378	0.012900
0.083618	0.012900
0.075073	0.012920
0.079956	0.012920
0.077911	0.012920
0.079346	0.012920
0.077103	0.012920
0.081573	0.012920
0.076996	0.012920
0.084229	0.012920
0.079041	0.012940
0.084015	0.012940
0.074356	0.012959
0.079651	0.012959
0.080658	0.012979
0.082397	0.012999
0.077911	0.013018
0.083099	0.013038
0.075775	0.013058
0.085754	0.013078
0.072525	0.013097
0.081177	0.013137
0.073334	0.013176
0.081787	0.013196
0.080048	0.013216
0.078934	0.013235
0.076385	0.013255
0.080353	0.013275
0.074249	0.013295
0.080765	0.013314
0.074356	0.013334
0.083710	0.013354
0.075577	0.013393
0.079041	0.013413
0.074661	0.013433
0.077820	0.013472
0.073441	0.013492
0.081680	0.013531
0.074554	0.013571
0.080261	0.013610
0.075272	0.013630
0.082794	0.013669
0.077911	0.013709
0.081985	0.013729
0.071716	0.013768
0.074860	0.013807
0.076492	0.013827
0.081680	0.013867
0.072723	0.013886
0.080154	0.013926
0.077408	0.013946
0.082901	0.013985
0.070892	0.014024
0.077103	0.014044
0.075378	0.014084
0.081375	0.014143
0.073944	0.014182
0.079437	0.014241
0.072830	0.014301
0.083923	0.014360
0.070999	0.014419
0.077301	0.014478
0.072021	0.014537
0.083206	0.014577
0.073334	0.014616
0.077103	0.014656
0.077820	0.014695
0.080963	0.014735
0.074966	0.014754
0.081070	0.014774
0.068665	0.014794
0.076599	0.014813
0.070801	0.014833
0.082596	0.014853
0.074860	0.014873
0.077408	0.014892
0.073639	0.014912
0.075165	0.014932
0.072418	0.014952
0.080154	0.014971
0.067749	0.014991
0.080963	0.015011
0.073242	0.015030
0.081985	0.015050
0.077301	0.015070
0.078629	0.015090
0.072937	0.015129
0.077606	0.015149
0.069168	0.015169
0.077820	0.015208
0.073441	0.015228
0.083206	0.015247
0.070587	0.015267
0.076492	0.015287
0.070084	0.015326
0.075577	0.015346
0.070801	0.015366
0.078735	0.015385
0.069275	0.015425
0.079346	0.015445
0.072525	0.015484
0.080963	0.015504
0.066833	0.015543
0.078629	0.015563
0.070084	0.015583
0.077301	0.015622
0.075470	0.015642
0.078827	0.015681
0.071411	0.015721
0.076599	0.015741
0.071503	0.015780
0.080154	0.015819
0.068863	0.015859
0.079437	0.015879
0.070999	0.015918
0.075577	0.015938
0.074249	0.015958
0.075775	0.015977
0.071198	0.015997
0.079239	0.016017
0.067947	0.016036
0.076996	0.016056
0.068146	0.016076
0.081787	0.016096
0.074158	0.016135
0.072525	0.016155
0.069168	0.016194
0.075378	0.016214
0.068665	0.016253
0.075577	0.016293
0.069778	0.016332
0.076294	0.016372
0.067139	0.016411
0.078629	0.016451
0.066315	0.016490
0.074661	0.016510
0.069168	0.016549
0.074051	0.016569
0.071106	0.016589
0.075882	0.016589
0.067337	0.016608
0.075882	0.016608
0.068863	0.016608
0.077515	0.016608
0.067337	0.016608
0.074158	0.016608
0.070892	0.016608
0.079041	0.016628
0.069778	0.016628
0.076294	0.016628
0.072830	0.016628
0.078217	0.016628
0.067535	0.016628
0.076492	0.016628
0.069275	0.016628
0.078735	0.016628
0.073135	0.016628
0.076187	0.016628
0.071198	0.016628
0.077408	0.016628
0.067230	0.016628
0.076492	0.016628
0.068665	0.016628
0.080261	0.016628
0.068359	0.016628
0.076996	0.016628
0.074768	0.016628
0.077103	0.016628
0.069275	0.016628
0.074661	0.016628
0.068558	0.016628
0.077911	0.016628
0.069977	0.016628
0.079849	0.016628
0.074249	0.016628
0.074966	0.016628
0.065811	0.016628
0.074966	0.016628
0.072632	0.016628
0.072418	0.016628
0.069885	0.016648
0.072632	0.016687
0.069885	0.016707
0.078629	0.016727
0.066925	0.016747
0.072327	0.016786
0.069778	0.016806
0.075165	0.016845
0.071106	0.016885
0.076385	0.016924
0.070999	0.016964
0.075989	0.017023
0.067947	0.017062
0.078827	0.017121
0.065308	0.017180
0.080765	0.017240
0.067841	0.017299
0.075684	0.017358
0.071915	0.017417
0.074356	0.017476
0.070999	0.017536
0.074768	0.017595
0.066422	0.017654
0.074158	0.017713
0.068359	0.017792
0.078827	0.017851
0.073639	0.017910
0.077301	0.017969
0.068558	0.018029
0.073242	0.018088
0.071609	0.018147
0.076385	0.018186
0.065704	0.018206
0.073029	0.018246
0.067947	0.018246
0.078125	0.018265
0.067444	0.018305
0.072220	0.018325
0.071198	0.018364
0.073639	0.018403
0.068756	0.018443
0.071716	0.018482
0.066528	0.018522
0.080353	0.018561
0.068756	0.018581
0.074463	0.018620
0.067642	0.018640
0.073746	0.018680
0.070084	0.018699
0.074661	0.018719
0.072113	0.018739
0.078217	0.018758
0.068146	0.018778
0.078629	0.018798
0.068146	0.018818
0.074158	0.018818
0.067841	0.018837
0.077515	0.018857
0.074249	0.018857
0.078217	0.018877
0.069977	0.018897
0.076187	0.018916
0.066925	0.018936
0.077820	0.018956
0.067337	0.018975
0.077515	0.018995
0.070084	0.019015
0.075378	0.019035
0.075684	0.019054
0.074860	0.019074
0.070084	0.019094
0.077515	0.019094
0.066116	0.019114
0.075577	0.019133
0.069977	0.019153
0.081070	0.019173
0.073639	0.019192
0.077820	0.019212
0.069366	0.019232
0.074051	0.019232
0.071716	0.019252
0.076187	0.019252
0.068756	0.019271
0.073944	0.019271
0.070587	0.019291
0.079132	0.019291
0.067749	0.019291
0.073853	0.019291
0.069473	0.019291
0.073242	0.019291
0.073547	0.019291
0.078217	0.019291
0.068253	0.019291
0.077515	0.019311
0.066727	0.019311
0.080963	0.019311
0.066223	0.019331
0.074249	0.019331
0.072723	0.019331
0.077820	0.019350
0.072220	0.019350
0.077515	0.019370
0.070282	0.019370
0.080353	0.019390
0.068359	0.019390
0.075882	0.019409
0.067749	0.019409
0.081177	0.019409
0.075775	0.019429
0.072937	0.019429
0.070801	0.019449
0.075378	0.019469
0.071808	0.019488
0.078125	0.019508
0.067947	0.019528
0.076996	0.019547
0.071198	0.019547
0.078323	0.019547
0.069061	0.019547
0.075989	0.019547
0.069672	0.019547
0.074966	0.019547
0.071198	0.019567
0.076599	0.019567
0.072830	0.019587
0.081482	0.019607
0.067749	0.019607
0.075989	0.019626
0.068970	0.019626
0.071808	0.019646
0.070389	0.019646
0.080048	0.019646
0.070587	0.019666
0.072830	0.019686
0.071609	0.019705
0.082184	0.019725
0.065613	0.019745
0.072723	0.019784
0.073135	0.019824
0.078522	0.019883
0.074051	0.019922
0.074860	0.019981
0.070389	0.020041
0.079239	0.020100
0.067947	0.020139
0.076996	0.020198
0.070694	0.020238
0.079742	0.020277
0.073547	0.020317
0.079239	0.020336
0.069275	0.020356
0.079132	0.020396
0.073746	0.020396
0.077606	0.020415
0.071915	0.020435
0.080353	0.020455
0.068558	0.020475
0.082184	0.020494
0.070587	0.020514
0.079544	0.020534
0.071716	0.020573
0.076187	0.020593
0.075989	0.020632
0.079041	0.020652
0.073029	0.020692
0.078827	0.020711
0.071503	0.020731
0.080048	0.020751
0.070282	0.020770
0.073242	0.020790
0.072327	0.020790
0.080154	0.020810
0.075989	0.020810
0.076904	0.020830
0.076294	0.020830
0.083710	0.020830
0.067444	0.020849
0.080048	0.020849
0.069168	0.020849
0.083923	0.020869
0.077820	0.020909
0.079742	0.020948
0.077713	0.020987
0.080658	0.021047
0.071304	0.021086
0.081787	0.021145
0.069168	0.021185
0.083923	0.021224
0.074249	0.021244
0.079544	0.021264
0.079437	0.021283
0.081787	0.021303
0.075882	0.021323
0.078827	0.021342
0.072021	0.021362
0.081375	0.021382
0.072113	0.021402
0.081268	0.021421
0.078934	0.021421
0.079437	0.021441
0.070999	0.021461
0.079544	0.021461
0.078430	0.021481
0.079651	0.021481
0.075989	0.021500
0.078323	0.021500
0.076904	0.021520
0.083313	0.021520
0.072632	0.021540
0.076187	0.021540
0.073853	0.021540
0.081787	0.021559
0.078430	0.021559
0.079742	0.021579
0.073746	0.021579
0.083511	0.021599
0.068970	0.021599
0.082901	0.021619
0.070694	0.021638
0.085648	0.021638
0.076080	0.021658
0.081879	0.021678
0.073547	0.021698
0.080460	0.021717
0.075577	0.021737
0.079742	0.021757
0.072021	0.021776
0.083511	0.021816
0.074768	0.021836
0.084732	0.021855
0.081787	0.021875
0.079346	0.021895
0.071808	0.021895
0.079956	0.021914
0.078125	0.021934
0.081268	0.021934
0.074158	0.021954
0.083618	0.021974
0.078018	0.021974
0.085037	0.021993
0.071915	0.022013
0.080460	0.022013
0.077408	0.022033
0.080353	0.022053
0.077820	0.022053
0.082291	0.022053
0.074463	0.022072
0.086060	0.022072
0.071411	0.022072
0.081879	0.022072
0.073441	0.022072
0.083099	0.022092
0.078125	0.022092
0.080261	0.022092
0.079956	0.022112
0.081177	0.022112
0.076599	0.022131
0.082397	0.022131
0.072632	0.022151
0.087067	0.022151
0.075470	0.022171
0.081268	0.022171
0.082901	0.022171
0.082703	0.022171
0.077515	0.022171
0.081985	0.022171
0.076187	0.022171
0.081680	0.022171
0.075684	0.022171
0.085754	0.022171
0.079132	0.022171
0.082794	0.022171
0.071915	0.022171
0.080460	0.022171
0.078430	0.022171
0.083618	0.022171
0.074158	0.022171
0.083206	0.022171
0.079849	0.022191
0.085754	0.022191
0.073853	0.022210
0.080566	0.022210
0.077911	0.022230
0.084015	0.022270
0.080353	0.022289
0.081573	0.022329
0.075882	0.022348
0.086975	0.022368
0.074554	0.022388
0.083710	0.022408
0.072327	0.022447
0.087585	0.022487
0.078217	0.022506
0.080963	0.022546
0.078522	0.022565
0.081482	0.022605
0.079346	0.022605
0.085144	0.022625
0.074356	0.022625
0.086868	0.022644
0.077820	0.022664
0.086761	0.022684
0.072830	0.022723
0.081787	0.022743
0.078217	0.022782
0.082291	0.022842
0.075073	0.022881
0.085648	0.022920
0.078735	0.022960
0.085342	0.022999
0.076080	0.023059
0.086456	0.023098
0.073242	0.023157
0.079437	0.023197
0.080765	0.023256
0.084015	0.023295
0.077301	0.023335
0.084534	0.023394
0.077408	0.023433
0.088501	0.023473
0.075775	0.023512
0.083511	0.023571
0.077103	0.023611
0.084930	0.023650
0.083206	0.023690
0.081787	0.023729
0.081985	0.023769
0.087372	0.023808
0.078522	0.023848
0.085754	0.023867
0.077911	0.023907
0.087677	0.023926
0.082703	0.023946
0.082596	0.023966
0.078827	0.023986
0.083099	0.024005
0.082489	0.024025
0.085953	0.024025
0.078217	0.024045
0.088394	0.024065
0.076691	0.024084
0.089203	0.024124
0.076492	0.024143
0.084015	0.024183
0.079742	0.024222
0.084229	0.024242
0.081177	0.024281
0.086670	0.024301
0.078018	0.024341
0.088394	0.024360
0.075577	0.024380
0.087585	0.024400
0.076797	0.024420
0.082794	0.024459
0.084229	0.024479
0.083710	0.024518
0.080048	0.024558
0.085541	0.024597
0.081680	0.024637
0.087067	0.024676
0.077515	0.024735
0.083511	0.024775
0.080460	0.024814
0.087067	0.024854
0.084625	0.024893
0.082703	0.024913
0.083099	0.024952
0.085037	0.024952
0.075882	0.024972
0.085754	0.024972
0.075882	0.024992
0.091034	0.024992
0.082794	0.024992
0.086151	0.024992
0.075470	0.024992
0.082596	0.024992
0.079742	0.024992
0.084229	0.024992
0.079849	0.025011
0.086868	0.025031
0.079041	0.025051
0.090225	0.025070
0.078217	0.025090
0.081680	0.025110
0.078827	0.025149
0.084930	0.025169
0.083618	0.025209
0.084427	0.025228
0.080872	0.025228
0.087585	0.025248
0.076599	0.025248
0.087784	0.025268
0.078217	0.025287
0.087067	0.025307
0.082092	0.025327
0.086563	0.025347
0.083313	0.025386
0.082794	0.025426
0.080048	0.025445
0.086258	0.025485
0.074249	0.025524
0.086456	0.025564
0.078827	0.025623
0.090530	0.025662
0.081268	0.025702
0.083313	0.025741
0.081482	0.025800
0.084015	0.025820
0.080353	0.025859
0.082092	0.025879
0.079437	0.025899
0.089417	0.025919
0.078629	0.025938
0.085449	0.025958
0.076385	0.025978
0.084732	0.025978
0.077820	0.025998
0.081375	0.026017
0.080963	0.026037
0.086761	0.026037
0.079239	0.026057
0.085449	0.026076
0.073853	0.026076
0.085953	0.026076
0.072937	0.026096
0.085754	0.026096
0.081177	0.026096
0.085953	0.026096
0.079346	0.026116
0.083817	0.026116
0.078934	0.026116
0.088699	0.026136
0.077301	0.026136
0.085754	0.026155
0.080872	0.026175
0.088287	0.026195
0.084122	0.026195
0.083313	0.026215
0.078522	0.026234
0.084015	0.026254
0.072937	0.026254
0.084122	0.026274
0.076294	0.026313
0.087280	0.026353
0.081177	0.026392
0.083206	0.026451
0.073944	0.026510
0.083206	0.026550
0.077820	0.026609
0.080261	0.026648
0.077713	0.026688
0.083008	0.026727
0.078934	0.026747
0.087479	0.026787
0.075470	0.026806
0.082596	0.026846
0.078522	0.026865
0.082184	0.026885
0.078522	0.026905
0.084839	0.026925
0.075165	0.026944
0.086060	0.026964
0.075378	0.026984
0.082901	0.027004
0.074661	0.027023
0.084320	0.027043
0.081070	0.027063
0.082703	0.027082
0.079346	0.027102
0.080658	0.027122
0.076187	0.027161
0.086365	0.027181
0.073242	0.027201
0.084534	0.027240
0.075272	0.027260
0.085541	0.027280
0.079849	0.027299
0.081070	0.027339
0.078125	0.027339
0.080353	0.027359
0.076691	0.027378
0.080963	0.027398
0.072723	0.027398
0.087677	0.027418
0.075989	0.027437
0.083206	0.027437
0.073242	0.027457
0.080154	0.027477
0.075165	0.027497
0.080765	0.027497
0.073441	0.027516
0.080353	0.027536
0.075684	0.027576
0.082596	0.027595
0.073639	0.027615
0.082489	0.027635
0.073547	0.027674
0.074249	0.027714
0.078217	0.027753
0.083008	0.027773
0.071609	0.027812
0.081177	0.027852
0.072113	0.027891
0.085754	0.027911
0.070496	0.027950
0.077606	0.027970
0.073853	0.028010
0.080963	0.028029
0.079437	0.028049
0.080963	0.028069
0.075272	0.028108
0.081787	0.028128
0.072220	0.028167
0.078934	0.028207
0.071503	0.028246
0.084839	0.028266
0.074356	0.028305
0.080353	0.028345
0.070282	0.028384
0.078217	0.028424
0.074966	0.028463
0.080154	0.028503
0.071503	0.028562
0.082397	0.028601
0.072632	0.028660
0.079346	0.028700
0.067749	0.028759
0.078522	0.028799
0.069473	0.028838
0.076294	0.028877
0.075470	0.028917
0.077209	0.028937
0.071304	0.028956
0.078827	0.028996
0.070496	0.029015
0.078018	0.029035
0.067535	0.029055
0.075775	0.029055
0.075378	0.029075
0.076294	0.029094
0.069977	0.029114
0.078430	0.029114
0.071304	0.029114
0.082397	0.029134
0.068146	0.029134
0.074249	0.029154
0.070587	0.029173
0.082596	0.029193
0.070801	0.029213
0.077408	0.029232
0.071808	0.029252
0.078018	0.029272
0.071411	0.029292
0.077408	0.029311
0.069672	0.029331
0.078827	0.029351
0.071106	0.029371
0.075272	0.029390
0.078018	0.029410
0.078827	0.029430
0.069061	0.029449
0.075882	0.029469
0.067749	0.029509
0.077606	0.029528
0.066223	0.029548
0.080261	0.029588
0.073441	0.029647
0.075073	0.029706
0.067947	0.029765
0.075775	0.029824
0.069778	0.029883
0.078217	0.029962
0.067337	0.030002
0.073944	0.030061
0.071503	0.030140
0.079239	0.030219
0.066925	0.030298
0.071915	0.030377
0.068863	0.030455
0.074463	0.030554
0.071503	0.030653
0.071915	0.030732
0.068863	0.030810
0.078934	0.030870
0.064087	0.030929
0.074463	0.030968
0.066727	0.031008
0.077606	0.031027
0.070801	0.031027
0.071915	0.031047
0.071915	0.031047
0.075073	0.031047
0.070190	0.031047
0.076691	0.031047
0.065308	0.031047
0.076797	0.031047
0.067032	0.031047
0.078629	0.031047
0.074463	0.031047
0.072830	0.031047
0.070389	0.031047
0.070892	0.031047
0.071106	0.031047
0.072723	0.031067
0.066528	0.031087
0.075470	0.031106
0.070389	0.031146
0.078323	0.031185
0.063171	0.031205
0.073853	0.031244
0.070389	0.031284
0.073135	0.031323
0.068863	0.031363
0.073944	0.031402
0.069977	0.031422
0.076904	0.031461
0.066620	0.031501
0.073135	0.031521
0.067749	0.031560
0.077515	0.031580
0.070496	0.031619
0.073547	0.031639
0.068970	0.031659
0.076996	0.031698
0.065308	0.031718
0.077911	0.031757
0.067444	0.031797
0.076691	0.031816
0.067947	0.031876
0.076187	0.031915
0.071716	0.031955
0.072525	0.031994
0.069885	0.032033
0.074661	0.032093
0.067642	0.032112
0.076187	0.032152
0.067139	0.032191
0.077408	0.032231
0.071411	0.032270
0.075272	0.032310
0.068253	0.032329
0.070694	0.032369
0.071503	0.032408
0.073135	0.032428
0.067444	0.032467
0.072830	0.032507
0.069672	0.032527
0.080154	0.032566
0.067139	0.032586
0.074768	0.032605
0.069977	0.032625
0.070084	0.032645
0.072830	0.032665
0.075378	0.032665
0.070999	0.032665
0.077301	0.032665
0.068451	0.032684
0.074860	0.032684
0.065704	0.032684
0.074158	0.032704
0.071915	0.032724
0.073639	0.032724
0.069366	0.032744
0.078323	0.032763
0.070282	0.032783
0.078827	0.032822
0.067230	0.032862
0.072937	0.032901
0.069061	0.032941
0.079346	0.032980
0.073853	0.033020
0.075882	0.033059
0.070892	0.033099
0.078125	0.033158
0.070801	0.033197
0.079346	0.033256
0.068359	0.033296
0.081482	0.033335
0.069672	0.033394
0.081680	0.033434
0.069977	0.033473
0.077820	0.033493
0.074158	0.033533
0.077209	0.033552
0.070694	0.033592
0.078125	0.033611
0.071915	0.033651
0.084229	0.033671
0.069061	0.033710
0.076996	0.033730
0.071411	0.033769
0.075775	0.033809
0.075577	0.033848
0.077911	0.033888
0.072327	0.033927
0.080658	0.033966
0.071716	0.034006
0.081787	0.034026
0.071808	0.034065
0.078217	0.034085
0.069366	0.034124
0.081268	0.034144
0.076904	0.034164
0.082092	0.034183
0.072830	0.034203
0.081879	0.034223
0.072021	0.034243
0.083618	0.034262
0.071609	0.034282
0.083710	0.034322
0.079849	0.034341
0.080261	0.034361
0.073944	0.034381
0.078430	0.034400
0.078125	0.034400
0.080872	0.034420
0.071716	0.034440
0.079437	0.034460
0.074966	0.034460
0.087372	0.034479
0.074554	0.034499
0.082092	0.034499
0.074768	0.034499
0.080566	0.034519
0.078323	0.034519
0.081268	0.034538
0.072220	0.034538
0.086365	0.034558
0.073029	0.034578
0.084015	0.034598
0.072220	0.034598
0.081573	0.034617
0.074661	0.034637
0.082291	0.034637
0.079346	0.034637
0.082901	0.034657
0.077713	0.034657
0.085953	0.034657
0.072525	0.034657
0.080566	0.034657
0.074860	0.034677
0.084015	0.034716
0.078735	0.034736
0.083923	0.034775
0.080261	0.034815
0.079849	0.034854
0.077820	0.034874
0.087280	0.034913
0.072830	0.034933
0.086868	0.034953
0.079041	0.034972
0.085846	0.035012
0.073746	0.035032
0.083817	0.035051
0.077301	0.035071
0.084427	0.035071
0.074356	0.035091
0.083206	0.035091
0.074966	0.035091
0.088394	0.035091
0.075684	0.035091
0.083618	0.035091
0.075378	0.035091
0.082489	0.035111
0.081268	0.035130
0.081985	0.035170
0.081070	0.035209
0.085846	0.035229
0.075272	0.035268
0.087982	0.035308
0.072830	0.035327
0.083008	0.035367
0.077820	0.035387
0.083923	0.035406
0.083923	0.035446
0.086060	0.035466
0.079742	0.035485
0.085541	0.035525
0.078323	0.035544
0.086761	0.035564
0.078827	0.035584
0.086456	0.035604
0.085037	0.035623
0.087891	0.035623
0.080048	0.035643
0.084839	0.035683
0.080048	0.035702
0.088699	0.035722
0.076691	0.035742
0.086868	0.035781
0.081375	0.035801
0.090942	0.035840
0.078125	0.035880
0.086456	0.035900
0.082596	0.035939
0.083618	0.035978
0.081985	0.035998
0.087891	0.036038
0.082489	0.036057
0.090332	0.036077
0.081070	0.036097
0.086868	0.036116
0.081482	0.036136
0.084625	0.036136
0.085846	0.036156
0.087479	0.036176
0.085449	0.036176
0.090836	0.036195
0.083206	0.036215
0.088898	0.036235
0.081070	0.036255
0.088287	0.036274
0.080048	0.036294
0.089508	0.036314
0.089508	0.036333
0.087784	0.036373
0.083817	0.036393
0.086761	0.036412
0.082291	0.036432
0.090225	0.036452
0.081985	0.036472
0.093689	0.036511
0.085846	0.036531
0.090942	0.036550
0.082397	0.036570
0.087067	0.036610
0.084122	0.036629
0.090729	0.036649
0.081375	0.036689
0.090729	0.036708
0.086563	0.036748
0.092972	0.036767
0.079544	0.036787
0.087784	0.036827
0.085953	0.036846
0.090118	0.036866
0.085144	0.036886
0.087982	0.036905
0.086456	0.036925
0.092865	0.036945
0.080658	0.036965
0.089615	0.036984
0.083710	0.037004
0.091141	0.037044
0.086365	0.037063
0.090027	0.037083
0.087280	0.037103
0.089920	0.037122
0.083405	0.037142
0.092361	0.037162
0.084930	0.037182
0.093384	0.037221
0.085953	0.037280
0.090637	0.037339
0.084625	0.037438
0.091644	0.037537
0.087677	0.037655
0.090332	0.037754
0.083099	0.037872
0.092773	0.037971
0.084122	0.038050
0.096634	0.038148
0.082291	0.038227
0.091248	0.038286
0.083099	0.038365
0.092163	0.038444
0.087173	0.038523
0.093384	0.038602
0.083405	0.038661
0.093475	0.038700
0.083008	0.038740
0.094086	0.038779
0.083206	0.038819
0.092972	0.038839
0.088593	0.038878
0.090530	0.038898
0.089722	0.038937
0.089615	0.038977
0.085846	0.039016
0.093277	0.039075
0.082489	0.039134
0.092560	0.039194
0.081680	0.039253
0.095917	0.039312
0.087280	0.039371
0.089508	0.039430
0.082092	0.039489
0.089310	0.039549
0.081375	0.039608
0.089615	0.039647
0.084320	0.039687
0.096634	0.039726
0.080154	0.039766
0.088593	0.039785
0.082397	0.039805
0.089111	0.039845
0.082794	0.039864
0.087784	0.039884
0.085144	0.039923
0.088501	0.039943
0.084015	0.039963
0.094193	0.040002
0.078430	0.040022
0.091034	0.040061
0.078735	0.040081
0.089813	0.040101
0.087585	0.040121
0.089813	0.040140
0.085846	0.040180
0.086975	0.040200
0.080261	0.040219
0.093994	0.040239
0.078522	0.040239
0.093277	0.040259
0.083817	0.040278
0.090637	0.040278
0.078735	0.040298
0.088699	0.040318
0.084625	0.040338
0.090637	0.040357
0.079742	0.040357
0.089203	0.040377
0.080765	0.040397
0.094498	0.040397
0.082291	0.040417
0.083405	0.040436
0.082901	0.040436
0.084229	0.040456
0.084229	0.040476
0.084534	0.040495
0.083817	0.040515
0.094193	0.040535
0.076187	0.040555
0.088593	0.040594
0.079041	0.040614
0.093475	0.040653
0.083710	0.040693
0.088501	0.040712
0.084625	0.040752
0.087982	0.040811
0.081573	0.040850
0.089005	0.040890
0.077103	0.040929
0.089111	0.040969
0.080963	0.041008
0.085144	0.041048
0.086975	0.041087
0.087067	0.041127
0.079742	0.041186
0.082092	0.041225
0.079849	0.041265
0.083099	0.041304
0.077103	0.041344
0.085144	0.041383
0.081879	0.041442
0.084229	0.041482
0.074966	0.041521
0.082092	0.041561
0.079132	0.041600
0.082092	0.041659
0.076996	0.041699
0.080658	0.041738
0.078629	0.041778
0.085037	0.041817
0.072632	0.041856
0.080566	0.041896
0.075684	0.041916
0.081482	0.041935
0.079544	0.041935
0.080154	0.041955
0.075684	0.041975
0.085144	0.041975
0.069778	0.041995
0.082901	0.041995
0.071198	0.041995
0.087479	0.042014
0.075272	0.042014
0.081680	0.042014
0.080261	0.042014
0.078629	0.042014
0.076691	0.042014
0.084015	0.042034
0.072327	0.042034
0.082489	0.042034
0.073853	0.042034
0.083008	0.042034
0.080872	0.042034
0.081680	0.042034
0.075165	0.042054
0.079041	0.042093
0.077103	0.042133
0.081375	0.042152
0.069580	0.042212
0.083099	0.042251
0.073746	0.042290
0.082794	0.042330
0.069885	0.042389
0.077713	0.042428
0.073853	0.042448
0.077713	0.042488
0.072220	0.042527
0.078934	0.042567
0.070282	0.042606
0.082489	0.042626
0.069473	0.042665
0.078018	0.042685
0.069580	0.042705
0.081177	0.042724
0.074554	0.042744
0.075882	0.042744
0.071609	0.042764
0.080261	0.042764
0.068863	0.042764
0.078018	0.042764
0.070190	0.042784
0.082397	0.042784
0.070282	0.042803
0.079041	0.042823
0.074554	0.042823
0.079544	0.042843
0.071915	0.042843
0.074860	0.042862
0.069778	0.042882
0.076691	0.042902
0.068054	0.042941
0.081177	0.042961
0.070801	0.043001
0.079849	0.043040
0.068863	0.043060
0.072525	0.043099
0.071716	0.043119
0.076904	0.043158
0.069580	0.043198
0.072632	0.043217
0.070694	0.043237
0.080048	0.043257
0.067947	0.043277
0.076904	0.043296
0.066620	0.043316
0.075989	0.043336
0.070282	0.043336
0.072525	0.043356
0.070496	0.043375
0.077606	0.043395
0.068863	0.043415
0.079651	0.043434
0.064392	0.043454
0.075989	0.043474
0.069885	0.043494
0.075775	0.043513
0.072632	0.043533
0.076599	0.043573
0.073853	0.043592
0.076080	0.043632
0.067947	0.043651
0.076080	0.043691
0.066833	0.043711
0.077103	0.043750
0.070892	0.043770
0.076492	0.043809
0.069672	0.043829
0.074661	0.043868
0.068863	0.043908
0.075165	0.043928
0.066833	0.043967
0.077408	0.044006
0.069366	0.044026
0.074966	0.044066
0.066528	0.044105
0.072937	0.044125
0.069977	0.044164
0.072525	0.044184
0.066727	0.044223
0.073135	0.044243
0.068756	0.044263
0.079346	0.044283
0.067032	0.044322
0.074356	0.044342
0.065613	0.044362
0.071411	0.044381
0.070190	0.044401
0.073135	0.044421
0.067947	0.044440
0.071304	0.044460
0.069366	0.044480
0.078827	0.044500
0.065308	0.044519
0.072723	0.044539
0.067337	0.044559
0.073853	0.044579
0.072723	0.044598
0.076904	0.044618
0.067337	0.044638
0.072937	0.044657
0.067337	0.044677
0.076904	0.044697
0.065002	0.044717
0.076492	0.044756
0.070496	0.044795
0.073853	0.044855
0.072632	0.044914
0.072021	0.044973
0.069885	0.045032
0.076996	0.045111
0.065201	0.045229
0.074463	0.045348
0.065918	0.045506
0.081879	0.045644
0.072113	0.045801
0.072327	0.045920
0.069473	0.046038
0.076492	0.046157
0.070496	0.046235
0.077103	0.046314
0.071808	0.046373
0.080154	0.046413
0.070694	0.046452
0.082397	0.046492
0.069672	0.046512
0.075577	0.046512
0.070190	0.046512
0.073029	0.046512
0.074158	0.046512
0.077911	0.046512
0.072418	0.046512
0.078735	0.046531
0.070084	0.046551
0.080765	0.046590
0.069473	0.046630
0.072418	0.046689
0.075882	0.046748
0.079956	0.046788
0.073944	0.046847
0.077103	0.046906
0.075165	0.046946
0.083923	0.047005
0.071609	0.047044
0.077515	0.047084
0.073853	0.047123
0.081787	0.047162
0.079041	0.047182
0.077606	0.047222
0.077408	0.047241
0.081070	0.047261
0.074463	0.047281
0.078125	0.047301
0.075073	0.047320
0.083923	0.047340
0.075073	0.047360
0.082703	0.047379
0.072830	0.047399
0.082397	0.047439
0.078217	0.047458
0.080963	0.047498
0.073639	0.047537
0.082901	0.047577
0.076080	0.047616
0.087784	0.047656
0.077301	0.047715
0.083511	0.047754
0.075073	0.047794
0.082397	0.047853
0.083008	0.047912
0.085541	0.047951
0.079132	0.048011
0.085953	0.048050
0.080048	0.048090
0.090118	0.048129
0.076691	0.048149
0.085144	0.048168
0.081879	0.048188
0.091339	0.048208
0.085648	0.048228
0.089920	0.048267
0.083511	0.048307
0.090942	0.048346
0.082184	0.048385
0.090027	0.048445
0.084732	0.048504
0.098267	0.048543
0.088898	0.048602
0.090118	0.048681
0.087891	0.048740
0.090332	0.048800
0.089920	0.048859
0.093887	0.048938
0.089722	0.048997
0.098877	0.049056
0.090225	0.049115
0.099380	0.049155
0.088501	0.049214
0.096329	0.049253
0.093170	0.049273
0.095825	0.049313
0.094391	0.049332
0.10071	0.049372
0.090836	0.049391
0.10060	0.049431
0.096939	0.049451
0.10457	0.049490
0.090530	0.049529
0.10060	0.049589
0.096832	0.049628
0.10110	0.049668
0.093277	0.049707
0.10060	0.049766
0.098663	0.049806
0.10640	0.049865
0.095306	0.049904
0.10324	0.049963
0.092056	0.050003
0.10060	0.050042
0.10049	0.050082
0.10324	0.050102
0.10071	0.050141
0.10365	0.050141
0.094803	0.050161
0.10416	0.050161
0.094086	0.050180
0.10487	0.050220
0.096741	0.050259
0.10304	0.050318
0.10030	0.050358
0.10681	0.050397
0.10152	0.050457
0.10640	0.050516
0.10263	0.050575
0.10690	0.050634
0.10019	0.050693
0.11261	0.050772
0.10080	0.050831
0.10762	0.050910
0.10284	0.050989
0.10620	0.051048
0.10670	0.051127
0.11098	0.051186
0.10233	0.051226
0.10782	0.051285
0.10590	0.051344
0.11636	0.051384
0.10202	0.051443
0.10701	0.051502
0.10162	0.051541
0.10925	0.051601
0.10762	0.051620
0.11026	0.051660
0.10446	0.051680
0.11026	0.051719
0.10405	0.051739
0.11414	0.051758
0.10558	0.051798
0.11087	0.051818
0.10243	0.051857
0.10904	0.051877
0.10660	0.051896
0.11118	0.051916
0.10599	0.051936
0.11200	0.051956
0.10599	0.051956
0.11749	0.051975
0.10487	0.051995
0.11168	0.051995
0.10243	0.052015
0.11057	0.052035
0.10538	0.052054
0.10976	0.052074
0.10284	0.052074
0.10895	0.052094
0.10416	0.052113
0.11342	0.052133
0.10284	0.052133
0.11200	0.052153
0.11108	0.052173
0.11148	0.052192
0.10396	0.052212
0.11159	0.052232
0.10660	0.052252
0.11230	0.052291
0.10284	0.052311
0.11240	0.052350
0.10040	0.052390
0.11261	0.052409
0.10915	0.052449
0.11209	0.052469
0.10213	0.052508
0.10854	0.052528
0.10446	0.052547
0.10812	0.052567
0.099686	0.052587
0.10579	0.052587
0.10010	0.052607
0.11240	0.052607
0.10538	0.052607
0.10823	0.052626
0.10670	0.052626
0.10965	0.052626
0.10477	0.052626
0.10690	0.052626
0.10182	0.052626
0.11128	0.052646
0.10162	0.052705
0.11311	0.052745
0.10091	0.052804
0.10854	0.052883
0.10640	0.052942
0.10843	0.053001
0.10284	0.053060
0.10629	0.053139
0.097549	0.053198
0.10782	0.053297
0.097137	0.053376
0.11067	0.053474
0.097748	0.053593
0.10324	0.053711
0.10132	0.053830
0.10202	0.053968
0.097137	0.054086
0.10060	0.054204
0.097244	0.054303
0.10335	0.054402
0.090332	0.054500
0.10365	0.054619
0.091248	0.054717
0.10040	0.054796
0.090027	0.054875
0.095612	0.054954
0.092972	0.055013
0.096024	0.055072
0.085449	0.055112
0.092361	0.055151
0.088089	0.055171
0.099792	0.055210
0.091446	0.055250
0.093079	0.055269
0.083099	0.055309
0.093384	0.055348
0.086258	0.055388
0.092163	0.055427
0.085037	0.055467
0.096832	0.055526
0.084229	0.055565
0.093994	0.055605
0.082397	0.055644
0.088394	0.055684
0.081985	0.055723
0.090424	0.055763
0.084122	0.055802
0.089005	0.055841
0.083008	0.055901
0.091553	0.055920
0.080872	0.055940
0.089508	0.055960
0.077209	0.055960
0.092056	0.055980
0.084122	0.055980
0.089203	0.055980
0.080460	0.055980
0.086060	0.055980
0.082489	0.055999
0.091141	0.056019
0.078735	0.056039
0.088806	0.056058
0.082794	0.056098
0.090225	0.056118
0.075378	0.056137
0.085953	0.056157
0.081070	0.056177
0.081268	0.056197
0.080048	0.056216
0.082184	0.056256
0.080261	0.056295
0.087784	0.056335
0.076691	0.056374
0.084229	0.056414
0.074356	0.056453
0.080048	0.056492
0.080353	0.056532
0.082184	0.056552
0.079544	0.056591
0.083099	0.056611
0.076294	0.056650
0.086151	0.056690
0.072327	0.056729
0.079346	0.056749
0.076080	0.056788
0.082397	0.056828
0.081482	0.056867
0.081573	0.056907
0.076599	0.056966
0.079239	0.057005
0.072327	0.057064
0.078125	0.057104
0.072327	0.057163
0.080566	0.057222
0.077209	0.057281
0.080261	0.057321
0.068359	0.057380
0.075989	0.057439
0.070587	0.057498
0.078430	0.057558
0.068054	0.057617
0.073853	0.057676
0.070587	0.057735
0.080154	0.057775
0.064590	0.057834
0.073441	0.057893
0.069061	0.057932
0.072723	0.057992
0.069366	0.058031
0.073547	0.058090
0.067749	0.058130
0.079346	0.058169
0.067444	0.058208
0.074356	0.058268
0.066620	0.058307
0.069977	0.058347
0.070801	0.058366
0.069672	0.058406
0.072113	0.058445
0.076996	0.058485
0.070694	0.058524
0.077713	0.058564
0.067032	0.058603
0.072632	0.058642
0.067642	0.058682
0.078629	0.058721
0.072113	0.058781
0.076080	0.058820
0.069168	0.058840
0.073547	0.058879
0.071198	0.058919
0.077103	0.058958
0.068970	0.058997
0.080460	0.059037
0.074661	0.059076
0.078934	0.059096
0.069885	0.059116
0.073853	0.059155
0.074249	0.059175
0.078125	0.059195
0.072418	0.059214
0.076294	0.059234
0.072632	0.059293
0.085144	0.059372
0.070389	0.059451
0.078629	0.059530
0.073853	0.059589
0.079956	0.059648
0.079041	0.059708
0.083511	0.059767
0.081070	0.059806
0.087479	0.059865
0.077408	0.059925
0.087372	0.059984
0.079742	0.060063
0.087479	0.060122
0.083710	0.060181
0.090332	0.060240
0.088287	0.060319
0.093170	0.060359
0.086868	0.060437
0.095917	0.060477
0.089203	0.060536
0.097137	0.060595
0.091248	0.060654
0.10060	0.060714
0.10110	0.060773
0.099991	0.060812
0.093170	0.060871
0.10110	0.060891
0.10110	0.060931
0.10416	0.060950
0.094299	0.060970
0.10651	0.061009
0.098572	0.061029
0.11026	0.061049
0.10529	0.061088
0.10782	0.061128
0.10080	0.061167
0.11067	0.061207
0.10620	0.061266
0.10884	0.061305
0.10182	0.061364
0.11372	0.061404
0.10477	0.061463
0.11719	0.061522
0.11159	0.061601
0.11586	0.061660
0.11362	0.061720
0.11688	0.061759
0.11362	0.061818
0.11769	0.061858
0.11200	0.061897
0.12349	0.061937
0.11261	0.061976
0.12573	0.062015
0.11688	0.062055
0.12552	0.062094
0.12389	0.062134
0.12695	0.062173
0.11983	0.062213
0.12451	0.062252
0.11769	0.062292
0.13223	0.062331
0.11983	0.062370
0.13264	0.062430
0.12471	0.062489
0.13214	0.062548
0.12929	0.062627
0.13214	0.062686
0.13132	0.062765
0.13387	0.062844
0.13142	0.062903
0.14130	0.062982
0.13367	0.063061
0.14780	0.063120
0.13834	0.063179
0.14566	0.063219
0.14322	0.063258
0.14902	0.063298
0.14313	0.063337
0.14851	0.063357
0.14352	0.063376
0.15401	0.063416
0.14099	0.063436
0.15076	0.063475
0.14322	0.063515
0.15573	0.063554
0.15359	0.063593
0.15431	0.063653
0.15146	0.063692
0.15512	0.063751
0.15065	0.063810
0.15564	0.063870
0.15237	0.063948
0.16458	0.064008
0.15279	0.064067
0.16194	0.064126
0.15279	0.064185
0.16519	0.064244
0.16042	0.064304
0.16377	0.064363
0.16113	0.064402
0.16621	0.064442
0.16022	0.064481
0.16815	0.064520
0.16133	0.064560
0.17221	0.064599
0.16103	0.064639
0.16824	0.064659
0.16693	0.064698
0.16957	0.064757
0.16530	0.064797
0.16835	0.064836
0.16266	0.064895
0.17598	0.064935
0.16774	0.064994
0.17415	0.065053
0.16489	0.065093
0.17557	0.065132
0.16885	0.065171
0.17303	0.065211
0.16743	0.065250
0.17700	0.065290
0.16611	0.065329
0.17892	0.065369
0.17334	0.065388
0.17892	0.065428
0.16733	0.065467
0.17395	0.065487
0.17303	0.065526
0.17609	0.065566
0.16785	0.065605
0.17557	0.065645
0.17151	0.065704
0.18097	0.065763
0.16580	0.065822
0.17720	0.065882
0.16580	0.065941
0.17578	0.065980
0.17273	0.066039
0.17628	0.066098
0.17252	0.066138
0.17853	0.066197
0.16866	0.066256
0.17923	0.066315
0.16713	0.066355
0.17679	0.066414
0.16336	0.066473
0.16998	0.066513
0.16988	0.066572
0.17567	0.066611
0.16785	0.066671
0.17181	0.066730
0.16724	0.066809
0.17761	0.066887
0.16428	0.066986
0.17038	0.067065
0.16092	0.067164
0.16733	0.067243
0.16682	0.067341
0.16927	0.067460
0.16194	0.067578
0.16621	0.067676
0.16011	0.067775
0.16530	0.067874
0.14993	0.067972
0.15645	0.068051
0.14474	0.068130
0.15218	0.068209
0.14627	0.068268
0.14648	0.068327
0.14058	0.068367
0.14272	0.068406
0.13905	0.068426
0.14302	0.068465
0.13498	0.068525
0.14078	0.068584
0.13437	0.068623
0.14526	0.068682
0.13580	0.068742
0.13550	0.068821
0.12898	0.068880
0.13092	0.068959
0.12634	0.069018
0.13071	0.069097
0.11819	0.069156
0.12654	0.069215
0.11850	0.069274
0.12857	0.069333
0.11993	0.069393
0.12379	0.069452
0.11769	0.069511
0.12105	0.069550
0.11758	0.069610
0.11963	0.069649
0.10751	0.069708
0.11423	0.069748
0.10538	0.069787
0.11789	0.069827
0.10915	0.069866
0.11353	0.069886
0.10863	0.069905
0.11281	0.069925
0.10548	0.069925
0.11383	0.069925
0.10568	0.069925
0.11545	0.069925
0.10182	0.069925
0.10934	0.069925
0.10590	0.069925
0.11444	0.069925
0.10762	0.069925
0.11118	0.069925
0.10854	0.069925
0.11444	0.069925
0.10304	0.069925
0.11597	0.069925
0.10110	0.069925
0.11320	0.069925
0.10498	0.069925
0.10590	0.069925
0.10568	0.069925
0.11281	0.069925
0.10660	0.069925
0.11078	0.069925
0.10793	0.069925
0.11819	0.069925
0.10141	0.069925
0.11168	0.069925
0.10416	0.069925
0.10854	0.069925
0.10548	0.069925
0.11179	0.069945
0.10518	0.069945
0.11168	0.069965
0.10396	0.069965
0.11555	0.069984
0.10812	0.070004
0.11453	0.070043
0.10152	0.070083
0.10477	0.070103
0.10193	0.070142
0.10620	0.070182
0.10152	0.070241
0.10121	0.070280
0.093582	0.070339
0.10651	0.070399
0.094498	0.070458
0.098572	0.070517
0.089310	0.070576
0.093994	0.070635
0.086975	0.070694
0.091141	0.070754
0.087173	0.070813
0.088898	0.070872
0.082092	0.070931
0.089310	0.070990
0.073746	0.071030
0.086365	0.071089
0.074051	0.071128
0.083817	0.071168
0.080261	0.071207
0.081375	0.071247
0.077911	0.071286
0.079849	0.071345
0.074860	0.071405
0.083618	0.071464
0.068451	0.071523
0.081177	0.071602
0.069366	0.071661
0.082092	0.071720
0.073639	0.071779
0.074158	0.071819
0.073547	0.071878
0.077820	0.071898
0.070084	0.071937
0.079544	0.071957
0.071915	0.071977
0.082092	0.071996
0.074158	0.072016
0.078430	0.072036
0.068665	0.072055
0.080154	0.072095
0.076797	0.072154
0.074860	0.072233
0.071106	0.072312
0.081573	0.072410
0.070801	0.072489
0.086258	0.072608
0.075775	0.072746
0.085144	0.072864
0.078735	0.073002
0.089417	0.073121
0.091751	0.073239
0.097046	0.073377
0.099274	0.073515
0.11414	0.073633
0.11800	0.073772
0.13326	0.073870
0.12421	0.073988
0.14139	0.074087
0.14047	0.074186
0.15717	0.074265
0.16122	0.074344
0.16733	0.074403
0.17171	0.074462
0.18219	0.074521
0.18005	0.074561
0.19643	0.074620
0.18869	0.074659
0.20081	0.074699
0.19449	0.074758
0.20905	0.074797
0.21057	0.074837
0.22185	0.074896
0.22104	0.074935
0.23080	0.074994
0.23264	0.075034
0.24922	0.075093
0.24658	0.075133
0.25949	0.075192
0.25146	0.075231
0.27405	0.075290
0.26906	0.075350
0.28676	0.075389
0.28787	0.075448
0.30710	0.075488
0.29672	0.075507
0.31087	0.075527
0.30884	0.075547
0.32379	0.075586
0.32379	0.075606
0.32898	0.075626
0.32541	0.075665
0.33701	0.075705
0.33905	0.075744
0.35634	0.075783
0.35583	0.075823
0.36855	0.075882
0.36966	0.075922
0.38889	0.075961
0.39398	0.076020
0.40588	0.076060
0.41585	0.076119
0.42368	0.076178
0.43436	0.076237
0.44839	0.076296
0.44829	0.076355
0.47302	0.076415
0.46864	0.076474
0.49530	0.076513
0.49194	0.076533
0.50699	0.076572
0.50964	0.076592
0.51564	0.076612
0.51442	0.076612
0.52225	0.076612
0.51431	0.076632
0.52560	0.076632
0.51971	0.076632
0.53009	0.076651
0.52602	0.076651
0.53323	0.076671
0.53975	0.076691
0.53864	0.076711
0.54269	0.076750
0.55511	0.076770
0.55176	0.076789
0.56976	0.076829
0.56142	0.076868
0.58441	0.076908
0.57962	0.076928
0.59976	0.076967
0.59998	0.076987
0.60861	0.077006
0.61147	0.077026
0.61615	0.077046
0.62245	0.077066
0.63089	0.077085
0.62225	0.077105
0.64218	0.077105
0.62744	0.077125
0.64462	0.077144
0.63882	0.077164
0.65083	0.077184
0.65063	0.077204
0.66171	0.077223
0.65602	0.077243
0.66853	0.077283
0.67097	0.077302
0.69070	0.077342
0.68970	0.077381
0.70129	0.077421
0.70099	0.077480
0.72530	0.077519
0.72183	0.077559
0.74452	0.077598
0.74472	0.077618
0.76131	0.077638
0.75470	0.077677
0.76791	0.077697
0.77148	0.077717
0.78725	0.077736
0.78511	0.077756
0.79457	0.077776
0.79803	0.077795
0.80606	0.077815
0.80403	0.077815
0.80933	0.077835
0.81186	0.077855
0.82182	0.077874
0.81776	0.077874
0.82681	0.077894
0.83028	0.077914
0.83017	0.077914
0.82520	0.077933
0.83749	0.077953
0.83730	0.077953
0.84512	0.077973
0.84116	0.077993
0.85663	0.078012
0.85011	0.078052
0.86792	0.078072
0.86385	0.078111
0.88480	0.078170
0.88837	0.078210
0.90810	0.078269
0.90901	0.078308
0.93445	0.078348
0.92966	0.078407
0.95499	0.078446
0.94847	0.078486
0.96811	0.078525
0.97076	0.078565
0.98814	0.078584
0.99152	0.078624
1.0014	0.078644
1.0083	0.078683
1.0210	0.078722
1.0247	0.078742
1.0394	0.078782
1.0452	0.078801
1.0603	0.078841
1.0650	0.078880
1.0725	0.078920
1.0720	0.078959
1.0960	0.078999
1.0987	0.079058
1.1161	0.079097
1.1196	0.079137
1.1493	0.079196
1.1445	0.079235
1.1741	0.079295
1.1739	0.079354
1.2001	0.079393
1.2059	0.079452
1.2247	0.079492
1.2340	0.079531
1.2436	0.079571
1.2520	0.079610
1.2677	0.079650
1.2737	0.079689
1.2919	0.079728
1.2974	0.079768
1.3075	0.079788
1.3234	0.079827
1.3314	0.079867
1.3398	0.079906
1.3489	0.079926
1.3543	0.079965
1.3721	0.079985
1.3681	0.080024
1.3854	0.080044
1.3820	0.080064
1.3980	0.080084
1.3945	0.080123
1.4070	0.080143
1.4144	0.080162
1.4209	0.080182
1.4235	0.080202
1.4339	0.080222
1.4364	0.080261
1.4526	0.080281
1.4487	0.080300
1.4645	0.080320
1.4709	0.080360
1.4789	0.080399
1.4855	0.080419
1.4928	0.080458
1.4965	0.080478
1.5140	0.080517
1.5058	0.080537
1.5289	0.080577
1.5247	0.080616
1.5441	0.080636
1.5480	0.080675
1.5668	0.080715
1.5732	0.080754
1.5901	0.080774
1.5914	0.080813
1.6120	0.080853
1.6103	0.080873
1.6324	0.080912
1.6297	0.080932
1.6473	0.080971
1.6486	0.080991
1.6693	0.081030
1.6731	0.081050
1.6843	0.081089
1.6913	0.081109
1.7058	0.081129
1.7045	0.081149
1.7186	0.081168
1.7174	0.081188
1.7285	0.081208
1.7257	0.081228
1.7411	0.081247
1.7416	0.081267
1.7575	0.081306
1.7553	0.081326
1.7677	0.081366
1.7761	0.081405
1.7923	0.081445
1.8001	0.081484
1.8182	0.081543
1.8292	0.081583
1.8458	0.081642
1.8623	0.081681
1.8712	0.081721
1.8834	0.081760
1.8943	0.081780
1.8920	0.081819
1.9027	0.081839
1.9025	0.081859
1.9162	0.081878
1.9124	0.081898
1.9191	0.081918
1.9224	0.081918
1.9288	0.081938
1.9250	0.081957
1.9343	0.081977
1.9327	0.081977
1.9424	0.081997
1.9386	0.082017
1.9525	0.082017
1.9467	0.082036
1.9529	0.082056
1.9500	0.082056
1.9529	0.082056
1.9518	0.082056
1.9585	0.082076
1.9459	0.082076
1.9554	0.082076
1.9421	0.082095
1.9648	0.082115
1.9483	0.082155
1.9725	0.082174
1.9702	0.082214
1.9878	0.082234
1.9870	0.082273
1.9987	0.082293
2.0010	0.082332
2.0190	0.082372
2.0115	0.082391
2.0325	0.082431
2.0246	0.082470
2.0445	0.082510
2.0370	0.082529
2.0522	0.082549
2.0486	0.082589
2.0607	0.082608
2.0554	0.082628
2.0670	0.082648
2.0605	0.082687
2.0728	0.082707
2.0711	0.082746
2.0861	0.082786
2.0842	0.082825
2.0953	0.082865
2.0952	0.082904
2.1078	0.082944
2.1080	0.082983
2.1195	0.083023
2.1172	0.083062
2.1304	0.083101
2.1296	0.083141
2.1459	0.083180
2.1393	0.083200
2.1476	0.083220
2.1491	0.083259
2.1536	0.083279
2.1504	0.083299
2.1570	0.083318
2.1547	0.083358
2.1679	0.083378
2.1588	0.083397
2.1701	0.083417
2.1680	0.083437
2.1743	0.083476
2.1722	0.083496
2.1782	0.083516
2.1756	0.083555
2.1840	0.083595
2.1795	0.083634
2.1888	0.083673
2.1880	0.083713
2.2011	0.083772
2.2044	0.083831
2.2097	0.083871
2.2175	0.083930
2.2245	0.083989
2.2236	0.084028
2.2369	0.084068
2.2363	0.084107
2.2489	0.084147
2.2366	0.084186
2.2498	0.084206
2.2437	0.084226
2.2563	0.084245
2.2523	0.084265
2.2582	0.084285
2.2543	0.084285
2.2593	0.084285
2.2474	0.084305
2.2620	0.084305
2.2487	0.084305
2.2584	0.084305
2.2500	0.084324
2.2599	0.084324
2.2581	0.084344
2.2632	0.084384
2.2667	0.084403
2.2858	0.084443
2.2833	0.084482
2.2997	0.084541
2.3002	0.084581
2.3145	0.084640
2.3150	0.084679
2.3269	0.084719
2.3247	0.084778
2.3245	0.084817
2.3288	0.084877
2.3288	0.084916
2.3215	0.084956
2.3307	0.085015
2.3190	0.085054
2.3279	0.085094
2.3131	0.085133
2.3135	0.085173
2.3080	0.085212
2.3034	0.085251
2.2910	0.085291
2.2805	0.085330
2.2751	0.085370
2.2702	0.085409
2.2545	0.085449
2.2568	0.085488
2.2445	0.085528
2.2456	0.085567
2.2344	0.085606
2.2391	0.085646
2.2408	0.085666
2.2381	0.085705
2.2260	0.085745
2.2265	0.085804
2.2065	0.085843
2.2086	0.085883
2.1901	0.085922
2.1944	0.085981
2.1843	0.086021
2.1934	0.086060
2.1874	0.086080
2.1944	0.086119
2.1854	0.086159
2.1987	0.086179
2.1859	0.086218
2.2001	0.086238
2.1895	0.086277
2.2036	0.086297
2.1913	0.086317
2.1976	0.086336
2.1943	0.086356
2.1967	0.086376
2.1880	0.086395
2.1945	0.086435
2.1854	0.086455
2.1949	0.086474
2.1771	0.086494
2.1826	0.086534
2.1736	0.086553
2.1722	0.086573
2.1613	0.086593
2.1573	0.086632
2.1527	0.086652
2.1546	0.086652
2.1440	0.086672
2.1514	0.086691
2.1388	0.086711
2.1478	0.086731
2.1353	0.086731
2.1413	0.086731
2.1359	0.086751
2.1426	0.086751
2.1373	0.086770
2.1427	0.086770
2.1334	0.086770
2.1454	0.086770
2.1297	0.086790
2.1386	0.086790
2.1289	0.086810
2.1368	0.086829
2.1305	0.086849
2.1328	0.086869
2.1241	0.086908
2.1199	0.086948
2.1030	0.086987
2.1019	0.087027
2.0887	0.087086
2.0709	0.087184
2.0660	0.087283
2.0711	0.087362
2.0483	0.087441
2.0320	0.087500
2.0181	0.087559
2.0178	0.087618
1.9991	0.087678
2.0028	0.087717
1.9863	0.087776
1.9927	0.087816
1.9707	0.087855
1.9762	0.087914
1.9577	0.087973
1.9530	0.088013
1.9386	0.088052
1.9397	0.088112
1.9232	0.088151
1.9252	0.088190
1.9057	0.088230
1.9121	0.088269
1.8821	0.088309
1.8862	0.088368
1.8701	0.088427
1.8607	0.088467
1.8382	0.088526
1.8360	0.088585
1.8129	0.088624
1.8143	0.088684
1.7872	0.088723
1.7962	0.088762
1.7777	0.088802
1.7795	0.088841
1.7727	0.088881
1.7679	0.088901
1.7598	0.088920
1.7621	0.088960
1.7461	0.088979
1.7513	0.088999
1.7415	0.088999
1.7516	0.089019
1.7360	0.089039
1.7412	0.089058
1.7370	0.089058
1.7367	0.089078
1.7287	0.089078
1.7304	0.089098
1.7259	0.089098
1.7296	0.089118
1.7171	0.089137
1.7230	0.089157
1.7087	0.089196
1.7126	0.089216
1.6988	0.089256
1.6934	0.089275
1.6859	0.089315
1.6821	0.089335
1.6660	0.089374
1.6665	0.089394
1.6523	0.089413
1.6602	0.089433
1.6427	0.089453
1.6467	0.089473
1.6406	0.089492
1.6404	0.089492
1.6344	0.089492
1.6374	0.089492
1.6314	0.089492
1.6375	0.089512
1.6312	0.089512
1.6401	0.089512
1.6328	0.089512
1.6418	0.089512
1.6349	0.089512
1.6341	0.089512
1.6313	0.089532
1.6268	0.089551
1.6115	0.089571
1.6097	0.089611
1.5977	0.089630
1.6044	0.089650
1.5826	0.089690
1.5861	0.089709
1.5744	0.089729
1.5692	0.089749
1.5598	0.089788
1.5568	0.089808
1.5502	0.089828
1.5439	0.089847
1.5354	0.089867
1.5365	0.089887
1.5217	0.089907
1.5216	0.089926
1.5091	0.089946
1.5033	0.089985
1.4982	0.090005
1.4965	0.090045
1.4734	0.090084
1.4751	0.090124
1.4509	0.090163
1.4513	0.090202
1.4211	0.090242
1.4246	0.090281
1.4007	0.090321
1.3952	0.090360
1.3743	0.090400
1.3688	0.090439
1.3552	0.090459
1.3470	0.090498
1.3319	0.090518
1.3273	0.090557
1.3117	0.090577
1.3059	0.090617
1.2895	0.090656
1.2894	0.090696
1.2665	0.090735
1.2603	0.090774
1.2393	0.090834
1.2342	0.090873
1.2127	0.090913
1.2119	0.090952
1.1873	0.090991
1.1926	0.091031
1.1735	0.091070
1.1723	0.091110
1.1602	0.091129
1.1508	0.091169
1.1436	0.091189
1.1382	0.091228
1.1274	0.091268
1.1256	0.091287
1.1083	0.091327
1.1086	0.091346
1.0935	0.091386
1.0882	0.091425
1.0834	0.091445
1.0746	0.091485
1.0673	0.091504
1.0635	0.091544
1.0475	0.091583
1.0496	0.091623
1.0279	0.091662
1.0304	0.091702
1.0092	0.091741
1.0105	0.091800
0.98897	0.091840
0.98306	0.091899
0.96669	0.091958
0.95978	0.091997
0.93759	0.092057
0.93495	0.092096
0.91603	0.092135
0.91756	0.092175
0.89874	0.092214
0.89539	0.092254
0.88338	0.092293
0.88216	0.092313
0.87056	0.092352
0.86487	0.092372
0.85968	0.092412
0.85907	0.092431
0.84412	0.092471
0.84726	0.092491
0.83444	0.092510
0.83322	0.092550
0.81979	0.092569
0.82010	0.092589
0.81522	0.092609
0.81055	0.092648
0.80026	0.092668
0.79721	0.092707
0.78328	0.092727
0.78368	0.092767
0.76639	0.092806
0.77432	0.092826
0.75470	0.092865
0.75581	0.092905
0.73547	0.092944
0.73232	0.092984
0.71573	0.093023
0.71655	0.093063
0.70038	0.093102
0.69855	0.093141
0.67963	0.093161
0.67932	0.093201
0.66223	0.093240
0.65663	0.093280
0.65439	0.093299
0.65308	0.093339
0.63618	0.093358
0.63649	0.093398
0.61951	0.093418
0.62601	0.093457
0.60098	0.093496
0.60364	0.093536
0.58847	0.093575
0.57901	0.093615
0.56599	0.093654
0.55887	0.093694
0.55481	0.093713
0.55145	0.093753
0.53548	0.093792
0.53304	0.093832
0.51930	0.093871
0.52225	0.093911
0.49947	0.093950
0.50232	0.093970
0.48868	0.094009
0.48837	0.094049
0.47189	0.094069
0.47505	0.094088
0.46803	0.094108
0.47250	0.094167
0.45522	0.094226
0.44708	0.094266
0.42928	0.094325
0.42703	0.094384
0.41432	0.094443
0.40883	0.094483
0.40039	0.094542
0.39673	0.094581
0.38228	0.094641
0.38339	0.094680
0.36549	0.094739
0.36977	0.094779
0.34943	0.094818
0.35583	0.094858
0.34657	0.094897
0.34413	0.094917
0.33508	0.094956
0.33478	0.094976
0.32684	0.095015
0.32826	0.095055
0.31616	0.095074
0.32318	0.095134
0.30690	0.095173
0.30945	0.095213
0.29703	0.095252
0.29449	0.095291
0.28798	0.095351
0.28360	0.095390
0.27242	0.095430
0.27039	0.095469
0.25990	0.095508
0.26357	0.095568
0.24931	0.095607
0.25604	0.095647
0.24648	0.095686
0.24698	0.095725
0.23599	0.095745
0.23579	0.095785
0.22928	0.095804
0.23224	0.095824
0.22237	0.095844
0.23010	0.095863
0.21555	0.095883
0.22247	0.095883
0.21524	0.095903
0.21768	0.095903
0.21912	0.095923
0.22195	0.095942
0.21210	0.095942
0.21240	0.095962
0.20772	0.095982
0.22125	0.095982
0.20506	0.096002
0.21169	0.096002
0.20914	0.096021
0.21088	0.096021
0.20212	0.096041
0.20802	0.096041
0.20334	0.096041
0.20844	0.096061
0.19775	0.096061
0.20486	0.096080
0.19815	0.096080
0.20883	0.096100
0.19409	0.096120
0.19846	0.096140
0.19958	0.096159
0.19510	0.096179
0.19052	0.096199
0.19043	0.096219
0.17883	0.096258
0.18666	0.096278
0.17435	0.096317
0.18188	0.096357
0.17343	0.096396
0.17690	0.096436
0.16347	0.096455
0.16113	0.096495
0.15869	0.096534
0.16061	0.096574
0.14810	0.096593
0.15778	0.096633
0.14679	0.096652
0.15767	0.096692
0.14069	0.096712
0.14485	0.096731
0.14801	0.096771
0.14383	0.096791
0.13467	0.096830
0.13681	0.096850
0.13193	0.096869
0.13773	0.096889
0.12654	0.096909
0.13519	0.096929
0.13101	0.096948
0.13641	0.096988
0.12837	0.097008
0.12502	0.097047
0.12451	0.097067
0.12543	0.097106
0.11545	0.097146
0.11810	0.097165
0.11281	0.097205
0.12593	0.097244
0.10956	0.097284
0.11353	0.097343
0.11444	0.097382
0.10965	0.097441
0.10355	0.097481
0.10091	0.097540
0.099075	0.097580
0.10681	0.097619
0.090942	0.097658
0.099792	0.097698
0.090424	0.097737
0.10152	0.097777
0.094086	0.097797
0.093170	0.097836
0.086975	0.097856
0.093384	0.097875
0.084534	0.097915
0.091141	0.097954
0.083313	0.097974
0.099991	0.098014
0.085449	0.098053
0.089203	0.098112
0.076797	0.098152
0.088196	0.098191
0.078735	0.098250
0.083710	0.098290
0.080658	0.098329
0.085648	0.098369
0.077820	0.098408
0.085953	0.098447
0.074463	0.098487
0.080765	0.098507
0.074356	0.098546
0.082291	0.098566
0.080154	0.098586
0.082184	0.098605
0.074249	0.098625
0.081985	0.098625
0.071304	0.098645
0.084427	0.098645
0.071716	0.098664
0.082901	0.098664
0.080566	0.098684
0.083923	0.098684
0.078934	0.098684
0.076385	0.098704
0.076599	0.098724
0.086060	0.098743
0.068863	0.098783
0.079742	0.098803
0.078323	0.098822
0.087280	0.098842
0.080353	0.098842
0.076904	0.098862
0.077103	0.098881
0.081573	0.098901
0.074463	0.098921
0.079041	0.098941
0.074158	0.098960
0.087891	0.098980
0.073334	0.099000
0.078735	0.099000
0.073029	0.099039
0.082489	0.099098
0.077606	0.099158
0.079437	0.099197
0.080658	0.099256
0.083206	0.099296
0.077301	0.099355
0.083206	0.099414
0.075378	0.099453
0.085541	0.099493
0.074768	0.099532
0.085144	0.099572
0.085236	0.099611
0.085037	0.099651
0.080963	0.099690
0.082703	0.099730
0.080872	0.099769
0.093887	0.099808
0.078934	0.099828
0.090836	0.099868
0.084320	0.099907
0.091644	0.099927
0.089722	0.099947
0.084015	0.099986
0.086258	0.10001
0.094696	0.10003
0.084122	0.10006
0.089508	0.10008
0.088287	0.10010
0.097046	0.10014
0.092865	0.10018
0.093170	0.10022
0.088501	0.10026
0.094910	0.10028
0.091034	0.10032
0.097351	0.10036
0.089920	0.10038
0.10152	0.10042
0.092667	0.10044
0.10233	0.10048
0.089508	0.10050
0.097351	0.10054
0.093384	0.10056
0.097351	0.10060
0.099579	0.10062
0.10355	0.10064
0.097443	0.10066
0.10071	0.10070
0.10110	0.10072
0.10904	0.10074
0.093384	0.10074
0.099884	0.10076
0.098160	0.10078
0.10568	0.10078
0.098877	0.10078
0.10071	0.10079
0.10110	0.10079
0.10294	0.10079
0.099579	0.10081
0.10640	0.10081
0.094193	0.10081
0.10568	0.10083
0.097748	0.10083
0.10071	0.10085
0.10376	0.10085
0.10670	0.10087
0.097855	0.10089
0.10599	0.10091
0.10446	0.10095
0.11372	0.10099
0.099472	0.10101
0.10477	0.10105
0.098358	0.10109
0.10426	0.10111
0.10355	0.10113
0.10640	0.10115
0.10487	0.10115
0.11037	0.10115
0.10599	0.10115
0.11464	0.10115
0.10721	0.10115
0.11200	0.10115
0.10202	0.10115
0.10812	0.10115
0.10751	0.10115
0.10986	0.10117
0.10416	0.10119
0.11078	0.10121
0.10956	0.10125
0.11911	0.10127
0.10793	0.10133
0.11566	0.10137
0.10629	0.10141
0.11658	0.10145
0.11108	0.10149
0.11636	0.10150
0.11423	0.10154
0.12186	0.10158
0.11362	0.10160
0.12543	0.10162
0.11931	0.10166
0.12898	0.10168
0.11281	0.10170
0.11871	0.10172
0.11647	0.10174
0.12299	0.10178
0.11952	0.10180
0.12299	0.10182
0.12177	0.10184
0.13101	0.10188
0.12216	0.10190
0.13264	0.10194
0.11952	0.10198
0.12990	0.10202
0.12521	0.10206
0.13234	0.10212
0.13101	0.10218
0.13448	0.10221
0.12878	0.10227
0.13661	0.10231
0.13559	0.10235
0.14088	0.10239
0.12898	0.10243
0.13783	0.10249
0.13132	0.10253
0.13895	0.10257
0.13824	0.10263
0.14027	0.10267
0.13550	0.10273
0.14688	0.10277
0.13803	0.10283
0.15157	0.10287
0.13855	0.10291
0.14923	0.10294
0.14191	0.10298
0.14394	0.10302
0.14841	0.10306
0.15279	0.10310
0.14282	0.10314
0.15320	0.10318
0.14719	0.10322
0.15981	0.10326
0.14027	0.10332
0.14893	0.10336
0.14566	0.10340
0.15259	0.10344
0.15024	0.10348
0.15543	0.10352
0.14893	0.10356
0.15717	0.10360
0.15167	0.10362
0.15970	0.10365
0.14404	0.10369
0.15054	0.10371
0.14648	0.10377
0.15259	0.10385
0.15553	0.10393
0.15961	0.10403
0.15106	0.10409
0.15909	0.10417
0.15329	0.10427
0.16377	0.10433
0.14719	0.10438
0.15320	0.10444
0.15126	0.10450
0.15187	0.10456
0.15237	0.10462
0.15726	0.10468
0.15085	0.10474
0.15828	0.10480
0.14780	0.10484
0.15686	0.10488
0.14618	0.10490
0.15370	0.10494
0.14973	0.10496
0.15695	0.10500
0.15573	0.10502
0.15756	0.10506
0.15096	0.10508
0.15543	0.10511
0.14374	0.10513
0.15848	0.10517
0.14638	0.10519
0.14729	0.10521
0.14729	0.10525
0.15706	0.10527
0.14923	0.10531
0.14862	0.10535
0.14607	0.10539
0.15431	0.10543
0.14394	0.10547
0.15462	0.10551
0.14435	0.10553
0.15492	0.10557
0.14252	0.10559
0.14841	0.10561
0.15076	0.10563
0.14902	0.10565
0.14191	0.10567
0.14993	0.10569
0.14272	0.10571
0.15309	0.10573
0.14099	0.10575
0.15157	0.10579
0.14322	0.10580
0.14810	0.10582
0.14668	0.10586
0.14505	0.10590
0.14394	0.10596
0.14587	0.10600
0.13550	0.10606
0.14374	0.10610
0.13559	0.10614
0.15176	0.10620
0.13651	0.10624
0.14099	0.10628
0.14211	0.10630
0.14200	0.10634
0.13722	0.10636
0.13905	0.10640
0.13245	0.10642
0.14017	0.10646
0.13092	0.10648
0.14291	0.10651
0.13478	0.10655
0.14343	0.10659
0.13905	0.10663
0.13956	0.10667
0.13406	0.10671
0.13428	0.10677
0.13223	0.10681
0.13570	0.10683
0.12857	0.10687
0.13925	0.10691
0.12796	0.10693
0.13336	0.10695
0.13437	0.10697
0.13712	0.10701
0.12665	0.10703
0.13123	0.10705
0.12573	0.10709
0.13245	0.10711
0.12064	0.10713
0.13173	0.10715
0.12593	0.10715
0.13376	0.10717
0.12898	0.10719
0.13132	0.10721
0.12634	0.10723
0.12959	0.10724
0.12521	0.10726
0.13062	0.10728
0.12288	0.10730
0.13062	0.10730
0.11880	0.10730
0.12888	0.10730
0.12888	0.10730
0.12827	0.10730
0.12318	0.10732
0.12746	0.10732
0.12521	0.10734
0.12807	0.10736
0.12054	0.10738
0.12715	0.10740
0.11983	0.10744
0.13264	0.10746
0.12563	0.10750
0.12299	0.10752
0.11667	0.10756
0.12338	0.10758
0.11749	0.10762
0.11902	0.10764
0.11423	0.10768
0.12277	0.10770
0.11200	0.10772
0.12288	0.10772
0.11871	0.10774
0.11963	0.10776
0.11372	0.10776
0.11555	0.10778
0.11240	0.10780
0.11819	0.10786
0.10538	0.10788
0.11597	0.10792
0.10609	0.10794
0.12013	0.10797
0.10945	0.10799
0.11311	0.10801
0.11525	0.10803
0.11464	0.10803
0.10579	0.10805
0.11270	0.10805
0.10335	0.10805
0.11514	0.10807
0.10274	0.10807
0.11433	0.10807
0.10651	0.10809
0.11383	0.10811
0.11261	0.10813
0.11383	0.10815
0.10843	0.10817
0.11128	0.10821
0.099991	0.10825
0.11270	0.10829
0.099686	0.10833
0.10773	0.10839
0.10132	0.10843
0.11037	0.10849
0.10548	0.10855
0.10518	0.10863
0.098969	0.10868
0.10060	0.10874
0.098267	0.10882
0.10091	0.10888
0.087677	0.10896
0.095612	0.10902
0.092163	0.10908
0.099991	0.10916
0.095612	0.10922
0.094910	0.10928
0.087372	0.10934
0.093689	0.10938
0.083618	0.10943
0.093277	0.10947
0.084625	0.10953
0.096527	0.10957
0.086563	0.10963
0.086365	0.10967
0.081070	0.10971
0.085144	0.10977
0.083923	0.10981
0.084732	0.10987
0.081268	0.10991
0.084229	0.10997
0.079544	0.11001
0.087891	0.11005
0.076797	0.11009
0.083099	0.11010
0.075775	0.11014
0.078125	0.11018
0.081573	0.11020
0.081879	0.11024
0.077301	0.11026
0.083511	0.11030
0.074768	0.11032
0.085144	0.11034
0.068863	0.11038
0.077408	0.11040
0.075073	0.11044
0.083313	0.11048
0.076080	0.11050
0.080765	0.11054
0.075989	0.11058
0.083405	0.11062
0.068970	0.11068
0.081573	0.11074
0.070587	0.11080
0.084625	0.11085
0.074661	0.11091
0.075989	0.11097
0.071304	0.11105
0.075073	0.11111
0.070190	0.11117
0.075882	0.11121
0.069885	0.11125
0.079849	0.11129
0.070892	0.11131
0.075470	0.11135
0.067749	0.11137
0.074158	0.11137
0.067642	0.11141
0.074661	0.11143
0.068665	0.11147
0.076691	0.11151
0.067032	0.11156
0.079041	0.11160
0.063873	0.11166
0.074051	0.11170
0.065506	0.11176
0.070190	0.11182
0.074768	0.11188
0.076187	0.11194
0.068359	0.11198
0.074158	0.11204
0.067337	0.11210
0.075882	0.11214
0.067230	0.11220
0.070587	0.11225
0.066620	0.11227
0.078430	0.11229
0.073135	0.11231
0.073029	0.11231
0.067032	0.11233
0.077103	0.11233
0.066223	0.11233
0.074768	0.11233
0.067535	0.11233
0.080872	0.11233
0.070892	0.11233
0.073242	0.11235
0.074051	0.11235
0.070587	0.11237
0.068558	0.11239
0.072830	0.11241
0.068665	0.11245
0.076294	0.11247
0.068359	0.11251
0.075882	0.11255
0.075378	0.11257
0.072021	0.11259
0.067032	0.11261
0.069275	0.11265
0.073441	0.11267
0.077606	0.11269
0.068863	0.11273
0.076797	0.11277
0.070190	0.11281
0.078827	0.11285
0.065918	0.11289
0.071304	0.11293
0.073242	0.11297
0.080048	0.11298
0.070389	0.11300
0.075684	0.11302
0.072418	0.11302
0.080261	0.11302
0.065704	0.11302
0.073547	0.11302
0.068558	0.11302
0.080963	0.11302
0.070892	0.11302
0.075470	0.11302
0.073135	0.11302
0.074661	0.11302
0.070694	0.11302
0.076294	0.11302
0.068146	0.11304
0.079132	0.11304
0.068054	0.11304
0.079132	0.11304
0.075470	0.11304
0.076492	0.11304
0.070496	0.11308
0.073135	0.11312
0.069275	0.11318
0.077209	0.11322
0.070694	0.11326
0.078934	0.11330
0.075073	0.11334
0.077408	0.11338
0.068665	0.11340
0.072723	0.11342
0.075577	0.11344
0.080154	0.11344
0.072525	0.11346
0.074463	0.11346
0.075165	0.11346
0.083923	0.11346
0.068558	0.11346
0.076385	0.11346
0.071716	0.11346
0.081482	0.11346
0.073639	0.11346
0.074463	0.11346
0.074463	0.11346
0.078125	0.11346
0.068756	0.11346
0.080872	0.11346
0.070282	0.11346
0.075272	0.11346
0.069366	0.11346
0.079041	0.11346
0.078629	0.11346
0.080261	0.11348
0.072937	0.11352
0.078125	0.11356
0.070801	0.11362
0.079742	0.11366
0.070694	0.11369
0.080872	0.11375
0.076797	0.11379
0.082397	0.11383
0.071106	0.11389
0.074554	0.11393
0.078430	0.11395
0.079346	0.11399
0.069672	0.11403
0.081787	0.11405
0.073944	0.11409
0.087784	0.11411
0.070801	0.11413
0.078125	0.11417
0.075165	0.11419
0.075073	0.11421
0.078018	0.11425
0.082092	0.11427
0.074249	0.11431
0.086563	0.11435
0.070587	0.11439
0.084122	0.11444
0.076080	0.11450
0.080566	0.11456
0.078323	0.11464
0.084015	0.11472
0.083099	0.11480
0.084930	0.11488
0.079651	0.11498
0.087585	0.11506
0.079849	0.11513
0.082901	0.11521
0.081680	0.11527
0.088699	0.11535
0.087173	0.11539
0.090332	0.11545
0.081482	0.11549
0.088699	0.11555
0.083511	0.11559
0.092056	0.11563
0.081375	0.11569
0.094193	0.11573
0.086151	0.11579
0.093079	0.11583
0.082489	0.11588
0.088089	0.11594
0.087280	0.11598
0.090424	0.11604
0.086365	0.11610
0.090530	0.11616
0.089111	0.11622
0.095520	0.11626
0.085342	0.11632
0.089920	0.11638
0.085449	0.11644
0.088898	0.11648
0.093384	0.11654
0.090729	0.11659
0.091644	0.11665
0.095612	0.11671
0.087479	0.11677
0.094498	0.11685
0.088806	0.11691
0.099380	0.11697
0.092468	0.11703
0.098267	0.11709
0.098465	0.11717
0.097656	0.11721
0.089203	0.11727
0.10100	0.11732
0.089920	0.11738
0.094498	0.11744
0.089615	0.11750
0.10294	0.11756
0.097549	0.11762
0.098770	0.11766
0.092255	0.11772
0.094193	0.11776
0.091858	0.11780
0.096634	0.11782
0.090637	0.11786
0.098267	0.11788
0.095413	0.11792
0.10355	0.11794
0.089508	0.11798
0.096329	0.11801
0.091446	0.11805
0.095825	0.11809
0.092773	0.11813
0.098969	0.11817
0.094803	0.11821
0.10457	0.11825
0.095718	0.11829
0.098877	0.11833
0.087280	0.11837
0.095718	0.11841
0.094803	0.11843
0.098053	0.11845
0.093170	0.11847
0.098770	0.11849
0.095215	0.11851
0.10294	0.11853
0.088394	0.11853
0.10040	0.11855
0.090942	0.11857
0.092163	0.11859
0.098053	0.11863
0.099579	0.11865
0.094299	0.11867
0.10019	0.11871
0.097443	0.11872
0.10049	0.11876
0.090530	0.11878
0.097443	0.11882
0.092468	0.11886
0.10457	0.11888
0.099274	0.11892
0.098877	0.11896
0.098160	0.11900
0.10040	0.11904
0.093079	0.11906
0.10010	0.11910
0.091553	0.11914
0.095108	0.11918
0.091141	0.11922
0.10030	0.11926
0.099792	0.11930
0.10071	0.11934
0.094604	0.11938
0.097046	0.11943
0.091858	0.11947
0.097351	0.11951
0.090530	0.11957
0.098969	0.11961
0.092667	0.11967
0.097443	0.11971
0.094696	0.11975
0.093994	0.11979
0.093079	0.11983
0.096527	0.11987
0.090027	0.11989
0.094299	0.11991
0.091751	0.11995
0.10252	0.11999
0.092361	0.12001
0.095215	0.12005
0.087677	0.12009
0.089310	0.12014
0.092163	0.12018
0.091339	0.12024
0.090637	0.12028
0.093689	0.12034
0.091141	0.12038
0.098465	0.12042
0.085449	0.12048
0.091339	0.12052
0.084839	0.12056
0.095520	0.12060
0.091949	0.12064
0.094391	0.12068
0.086975	0.12072
0.092667	0.12078
0.086060	0.12082
0.093781	0.12086
0.083710	0.12091
0.098160	0.12095
0.093170	0.12099
0.094803	0.12105
0.087280	0.12109
0.090942	0.12113
0.086060	0.12117
0.094086	0.12123
0.082794	0.12127
0.093582	0.12129
0.083923	0.12131
0.094391	0.12133
0.089005	0.12135
0.089310	0.12137
0.085846	0.12139
0.086365	0.12141
0.085144	0.12145
0.087891	0.12149
0.085541	0.12155
0.096329	0.12158
0.083008	0.12166
0.089813	0.12172
0.078827	0.12180
0.086670	0.12186
0.081070	0.12194
0.087891	0.12202
0.082184	0.12210
0.087677	0.12220
0.082184	0.12228
0.086151	0.12233
0.076904	0.12241
0.078827	0.12249
0.077301	0.12255
0.084015	0.12261
0.084229	0.12269
0.083618	0.12275
0.077713	0.12281
0.080048	0.12287
0.075775	0.12291
0.079956	0.12297
0.074356	0.12301
0.083511	0.12304
0.081879	0.12310
0.080963	0.12314
0.071304	0.12318
0.076797	0.12322
0.079041	0.12326
0.078629	0.12330
0.074966	0.12334
0.082596	0.12338
0.075882	0.12340
0.085449	0.12344
0.071808	0.12346
0.076904	0.12350
0.072723	0.12354
0.074463	0.12358
0.075775	0.12362
0.079849	0.12366
0.073242	0.12370
0.081680	0.12373
0.067032	0.12377
0.078125	0.12379
0.071198	0.12383
0.074051	0.12387
0.073853	0.12391
0.078735	0.12393
0.077301	0.12397
0.077911	0.12401
0.073135	0.12403
0.077713	0.12407
0.069778	0.12411
0.075272	0.12415
0.070282	0.12417
0.078217	0.12421
0.076080	0.12427
0.078217	0.12431
0.069672	0.12437
0.074860	0.12441
0.071609	0.12446
0.077606	0.12450
0.067535	0.12456
0.077408	0.12460
0.074554	0.12464
0.078827	0.12466
0.066223	0.12470
0.071716	0.12472
0.073029	0.12476
0.069885	0.12478
0.071106	0.12482
0.075165	0.12484
0.068253	0.12486
0.081482	0.12488
0.064178	0.12490
0.071609	0.12492
0.069168	0.12494
0.068054	0.12498
0.074249	0.12500
0.074860	0.12502
0.069168	0.12506
0.076599	0.12510
0.066620	0.12514
0.077301	0.12517
0.067642	0.12521
0.068451	0.12523
0.069885	0.12527
0.073547	0.12529
0.076904	0.12531
0.074966	0.12533
0.068863	0.12535
0.071915	0.12537
0.067642	0.12539
0.075989	0.12541
0.065918	0.12543
0.079849	0.12543
0.071716	0.12545
0.075577	0.12545
0.073334	0.12549
0.073547	0.12555
0.072220	0.12559
0.073242	0.12563
0.064896	0.12565
0.069168	0.12569
0.069672	0.12571
0.078629	0.12571
0.071304	0.12573
0.073242	0.12573
0.067947	0.12573
0.070892	0.12575
0.070892	0.12577
0.071915	0.12579
0.069366	0.12581
0.075684	0.12583
0.071198	0.12585
0.075882	0.12587
0.066010	0.12588
0.070496	0.12590
0.070694	0.12594
0.069473	0.12598
0.069885	0.12602
0.075882	0.12608
0.067032	0.12612
0.078217	0.12618
0.066010	0.12622
0.071609	0.12626
0.067230	0.12630
0.066833	0.12634
0.075165	0.12638
0.076797	0.12642
0.069778	0.12648
0.073746	0.12652
0.066528	0.12656
0.077103	0.12658
0.067337	0.12660
0.069580	0.12661
0.068863	0.12661
0.079041	0.12663
0.073547	0.12663
0.071808	0.12665
0.071609	0.12667
0.071304	0.12669
0.067444	0.12669
0.071915	0.12671
0.069580	0.12675
0.081787	0.12677
0.070801	0.12683
0.075989	0.12687
0.064789	0.12693
0.073334	0.12699
0.072327	0.12705
0.069778	0.12711
0.070801	0.12717
0.075577	0.12723
0.071198	0.12727
0.077911	0.12732
0.065308	0.12736
0.075073	0.12742
0.069168	0.12746
0.068970	0.12748
0.076904	0.12752
0.076599	0.12754
0.071304	0.12754
0.074356	0.12754
0.068863	0.12756
0.078934	0.12756
0.067230	0.12756
0.070694	0.12756
0.070999	0.12756
0.077713	0.12756
0.072830	0.12756
0.075989	0.12756
0.069885	0.12756
0.078217	0.12756
0.067841	0.12756
0.073029	0.12756
0.067535	0.12756
0.081375	0.12756
0.076080	0.12756
0.074966	0.12756
0.070801	0.12756
0.072723	0.12756
0.071411	0.12758
0.073029	0.12760
0.072525	0.12762
0.080658	0.12764
0.072632	0.12766
0.075989	0.12766
0.067749	0.12768
0.073441	0.12770
0.070587	0.12770
0.069778	0.12772
0.073547	0.12774
0.075577	0.12774
0.072830	0.12776
0.077301	0.12778
0.068146	0.12782
0.073853	0.12784
0.069168	0.12788
0.070999	0.12790
0.075577	0.12794
0.076187	0.12798
0.074249	0.12803
0.073334	0.12809
0.067841	0.12815
0.080658	0.12821
0.068665	0.12827
0.073135	0.12833
0.070084	0.12839
0.080963	0.12847
0.078323	0.12853
0.077301	0.12859
0.074966	0.12865
0.076996	0.12869
0.071503	0.12875
0.076797	0.12878
0.073853	0.12882
0.083405	0.12884
0.078629	0.12888
0.079849	0.12890
0.067841	0.12892
0.078125	0.12896
0.073944	0.12898
0.077713	0.12900
0.074158	0.12902
0.082794	0.12904
0.074463	0.12908
0.081985	0.12910
0.069778	0.12914
0.076599	0.12918
0.071808	0.12922
0.074051	0.12928
0.080048	0.12934
0.078522	0.12940
0.076599	0.12946
0.081879	0.12953
0.073334	0.12961
0.079742	0.12969
0.070389	0.12977
0.074860	0.12985
0.080460	0.12993
0.080872	0.13001
0.076294	0.13009
0.077606	0.13017
0.078323	0.13024
0.083710	0.13030
0.071808	0.13038
0.076996	0.13044
0.078522	0.13052
0.087280	0.13058
0.080872	0.13064
0.079544	0.13070
0.076385	0.13076
0.081268	0.13080
0.077515	0.13086
0.080353	0.13091
0.078323	0.13099
0.086563	0.13105
0.080963	0.13111
0.081879	0.13117
0.074463	0.13123
0.080658	0.13129
0.080765	0.13137
0.077911	0.13143
0.080658	0.13151
0.083008	0.13161
0.079956	0.13168
0.084534	0.13176
0.077103	0.13184
0.082901	0.13194
0.072830	0.13202
0.076797	0.13210
0.083618	0.13218
0.083313	0.13224
0.081177	0.13234
0.083313	0.13243
0.075272	0.13255
0.084625	0.13265
0.076080	0.13273
0.085144	0.13281
0.082703	0.13289
0.081070	0.13295
0.082489	0.13301
0.080658	0.13305
0.080353	0.13308
0.081573	0.13314
0.075272	0.13318
0.082397	0.13326
0.076599	0.13332
0.087173	0.13338
0.083511	0.13342
0.080261	0.13348
0.078018	0.13350
0.076294	0.13352
0.075684	0.13354
0.081680	0.13354
0.077911	0.13354
0.083817	0.13354
0.078018	0.13354
0.079346	0.13354
0.070999	0.13354
0.077820	0.13354
0.075775	0.13354
0.076294	0.13354
0.079956	0.13354
0.080261	0.13354
0.078217	0.13354
0.084320	0.13354
0.070389	0.13354
0.080765	0.13358
0.072021	0.13360
0.076187	0.13366
0.079742	0.13372
0.080154	0.13379
0.079041	0.13387
0.080048	0.13395
0.076492	0.13405
0.083099	0.13413
0.072220	0.13423
0.074356	0.13431
0.077606	0.13439
0.081268	0.13445
0.081177	0.13452
0.078323	0.13460
0.074768	0.13466
0.078217	0.13474
0.071808	0.13482
0.078323	0.13490
0.072723	0.13498
0.084625	0.13504
0.076599	0.13510
0.077515	0.13514
0.068558	0.13518
0.074356	0.13520
0.075165	0.13521
0.075882	0.13523
0.071304	0.13523
0.078018	0.13525
0.070892	0.13527
0.081268	0.13529
0.067947	0.13531
0.071716	0.13533
0.067947	0.13535
0.070892	0.13535
0.075165	0.13537
0.075577	0.13537
0.072525	0.13537
0.078629	0.13537
0.067947	0.13537
0.076797	0.13539
0.069061	0.13539
0.072220	0.13539
0.072723	0.13541
0.079742	0.13541
0.074356	0.13543
0.076492	0.13545
0.076080	0.13547
0.078629	0.13551
0.070084	0.13555
0.071915	0.13555
0.070801	0.13555
0.085236	0.13557
0.078217	0.13557
0.077606	0.13559
0.078323	0.13559
0.078125	0.13561
0.070694	0.13563
0.078323	0.13567
0.069885	0.13571
0.084534	0.13575
0.071411	0.13579
0.080566	0.13583
0.068359	0.13587
0.076080	0.13591
0.071198	0.13594
0.073029	0.13598
0.071503	0.13602
0.079742	0.13606
0.072327	0.13610
0.081375	0.13616
0.069366	0.13620
0.076492	0.13624
0.070587	0.13628
0.069672	0.13630
0.078323	0.13634
0.078430	0.13638
0.073441	0.13642
0.076492	0.13646
0.071198	0.13652
0.077408	0.13658
0.068665	0.13664
0.072418	0.13669
0.073242	0.13677
0.079956	0.13685
0.078430	0.13691
0.072830	0.13699
0.072021	0.13705
0.077408	0.13713
0.067642	0.13721
0.075073	0.13729
0.070892	0.13735
0.082901	0.13742
0.074966	0.13748
0.074249	0.13756
0.067947	0.13762
0.074356	0.13768
0.070892	0.13774
0.073639	0.13778
0.068863	0.13784
0.075989	0.13790
0.071503	0.13794
0.078217	0.13800
0.066833	0.13804
0.071915	0.13809
0.067230	0.13813
0.069977	0.13817
0.072723	0.13821
0.077606	0.13827
0.068558	0.13831
0.078125	0.13837
0.063980	0.13841
0.075882	0.13845
0.066116	0.13849
0.069672	0.13853
0.071411	0.13857
0.076385	0.13859
0.072937	0.13859
0.070999	0.13861
0.070389	0.13861
0.077408	0.13861
0.066925	0.13861
0.069168	0.13861
0.070496	0.13863
0.080353	0.13865
0.073334	0.13869
0.073029	0.13873
0.069061	0.13877
0.070084	0.13880
0.068253	0.13886
0.073746	0.13892
0.069778	0.13896
0.080154	0.13902
0.073029	0.13908
0.074554	0.13912
0.066528	0.13916
0.070694	0.13918
0.072830	0.13924
0.071198	0.13928
0.070801	0.13932
0.076187	0.13936
0.068970	0.13940
0.076904	0.13944
0.067642	0.13948
0.069473	0.13951
0.068146	0.13953
0.069168	0.13955
0.071411	0.13959
0.075684	0.13961
0.069275	0.13963
0.074966	0.13965
0.067947	0.13967
0.076691	0.13969
0.065811	0.13969
0.066422	0.13969
0.072327	0.13969
0.077713	0.13969
0.075073	0.13969
0.072632	0.13969
0.069778	0.13969
0.073135	0.13969
0.066925	0.13969
0.070587	0.13969
0.070496	0.13971
0.077820	0.13971
0.072937	0.13973
0.073334	0.13973
0.069885	0.13975
0.068756	0.13977
0.068359	0.13981
0.073853	0.13985
0.068863	0.13993
0.076691	0.13999
0.067749	0.14005
0.078323	0.14011
0.076294	0.14017
0.072723	0.14021
0.069275	0.14024
0.069366	0.14024
0.072525	0.14024
0.077713	0.14024
0.070282	0.14024
0.078934	0.14024
0.070694	0.14024
0.076187	0.14024
0.064178	0.14024
0.067139	0.14024
0.071198	0.14024
0.076691	0.14024
0.072113	0.14024
0.072632	0.14024
0.073944	0.14024
0.074860	0.14026
0.064087	0.14030
0.069473	0.14034
0.067841	0.14038
0.079849	0.14040
0.073944	0.14044
0.074158	0.14046
0.071609	0.14050
0.074966	0.14052
0.067444	0.14054
0.074051	0.14056
0.069473	0.14056
0.068863	0.14058
0.068665	0.14060
0.077209	0.14062
0.077515	0.14064
0.075684	0.14066
0.067444	0.14068
0.072632	0.14072
0.068451	0.14076
0.074356	0.14080
0.066727	0.14086
0.079651	0.14092
0.071304	0.14097
0.076492	0.14103
0.066010	0.14111
0.068359	0.14121
0.073746	0.14131
0.071106	0.14141
0.069672	0.14153
0.075775	0.14165
0.070282	0.14178
0.079849	0.14190
0.067032	0.14204
0.072723	0.14218
0.071808	0.14232
0.067230	0.14245
0.075684	0.14257
0.078735	0.14269
0.070496	0.14281
0.078827	0.14291
0.066528	0.14301
0.076797	0.14309
0.069580	0.14316
0.070694	0.14324
0.075272	0.14332
0.074554	0.14338
0.079132	0.14344
0.077408	0.14350
0.070389	0.14356
0.075882	0.14362
0.070389	0.14368
0.069672	0.14374
0.072327	0.14381
0.078629	0.14387
0.078217	0.14393
0.076904	0.14401
0.071716	0.14409
0.074158	0.14417
0.071609	0.14425
0.076492	0.14435
0.069473	0.14443
0.078735	0.14454
0.074860	0.14464
0.080765	0.14476
0.067947	0.14486
0.073746	0.14494
0.074158	0.14504
0.072021	0.14512
0.073944	0.14522
0.075470	0.14529
0.074966	0.14535
0.080154	0.14543
0.066223	0.14549
0.076904	0.14553
0.069275	0.14557
0.072723	0.14561
0.074463	0.14563
0.078217	0.14565
0.076904	0.14567
0.076492	0.14569
0.073135	0.14571
0.077820	0.14575
0.070190	0.14579
0.073334	0.14583
0.070282	0.14587
0.076691	0.14589
0.077911	0.14593
0.079041	0.14596
0.074554	0.14600
0.076797	0.14604
0.070892	0.14610
0.078827	0.14616
0.069366	0.14624
0.082397	0.14632
0.075775	0.14640
0.079956	0.14648
0.079041	0.14658
0.076080	0.14666
0.074860	0.14673
0.076599	0.14681
0.069885	0.14689
0.078934	0.14695
0.071716	0.14703
0.080460	0.14711
0.078735	0.14719
0.074554	0.14725
0.070892	0.14733
0.074051	0.14739
0.077408	0.14746
0.075272	0.14752
0.075684	0.14756
0.079239	0.14762
0.075882	0.14766
0.078629	0.14774
0.069885	0.14780
0.069580	0.14786
0.075272	0.14792
0.078323	0.14796
0.076599	0.14800
0.077408	0.14802
0.074860	0.14804
0.079132	0.14804
0.067642	0.14804
0.074463	0.14804
0.068451	0.14804
0.082596	0.14806
0.077713	0.14806
0.077911	0.14810
0.076797	0.14813
0.072723	0.14817
0.072418	0.14821
0.074051	0.14827
0.069473	0.14829
0.081177	0.14833
0.072525	0.14835
0.079132	0.14837
0.077606	0.14837
0.074661	0.14839
0.071915	0.14839
0.072830	0.14839
0.068451	0.14841
0.077103	0.14841
0.073334	0.14843
0.079849	0.14845
0.076080	0.14849
0.073639	0.14853
0.067444	0.14857
0.071915	0.14863
0.075989	0.14867
0.072937	0.14873
0.075073	0.14879
0.076599	0.14884
0.073242	0.14890
0.076797	0.14896
0.068863	0.14902
0.073135	0.14908
0.069977	0.14912
0.075882	0.14918
0.078125	0.14922
0.074356	0.14928
0.073746	0.14932
0.073029	0.14938
0.069168	0.14946
0.074051	0.14952
0.070190	0.14957
0.080872	0.14965
0.075882	0.14975
0.073944	0.14983
0.077911	0.14993
0.072418	0.15003
0.073639	0.15013
0.075073	0.15023
0.066528	0.15030
0.076904	0.15040
0.072327	0.15048
0.080154	0.15056
0.077606	0.15062
0.070801	0.15068
0.070694	0.15074
0.070190	0.15080
0.071716	0.15084
0.071503	0.15088
0.072220	0.15092
0.077713	0.15096
0.073944	0.15098
0.073334	0.15099
0.066116	0.15099
0.071808	0.15101
0.071609	0.15101
0.075577	0.15101
0.074661	0.15101
0.074860	0.15101
0.072220	0.15099
0.075577	0.15099
0.065399	0.15098
0.073944	0.15098
0.066528	0.15098
0.069275	0.15099
0.074249	0.15099
0.075470	0.15101
0.070892	0.15101
0.074158	0.15101
0.068756	0.15101
0.072525	0.15101
0.067947	0.15101
0.069473	0.15103
0.072113	0.15105
0.076599	0.15113
0.077606	0.15127
0.069580	0.15141
0.071106	0.15157
0.070892	0.15170
0.069977	0.15186
0.071716	0.15200
0.071808	0.15212
0.081375	0.15224
0.072632	0.15232
0.073639	0.15240
0.068146	0.15243
0.069672	0.15247
0.071915	0.15253
0.072113	0.15255
0.069977	0.15259
0.076187	0.15259
0.069275	0.15259
0.078522	0.15259
0.064285	0.15259
0.069885	0.15259
0.069778	0.15259
0.067749	0.15259
0.077209	0.15259
0.072723	0.15259
0.072418	0.15259
0.074158	0.15259
0.068558	0.15259
0.073135	0.15259
0.067841	0.15259
0.080048	0.15259
0.073746	0.15259
0.075577	0.15261
0.075470	0.15263
0.070084	0.15267
0.072113	0.15271
0.072113	0.15275
0.066833	0.15279
0.069366	0.15283
0.069672	0.15287
0.079742	0.15293
0.074860	0.15297
0.069977	0.15303
0.071503	0.15311
0.069885	0.15318
0.070496	0.15326
0.071106	0.15336
0.072021	0.15346
0.076691	0.15356
0.072525	0.15366
0.075165	0.15376
0.067535	0.15387
0.067947	0.15397
0.071106	0.15407
0.069885	0.15417
0.069580	0.15427
0.077209	0.15437
0.070084	0.15447
0.078217	0.15455
0.067337	0.15464
0.071716	0.15474
0.067444	0.15484
0.067749	0.15494
0.076187	0.15504
0.074051	0.15514
0.072632	0.15524
0.073441	0.15531
0.067230	0.15537
0.073853	0.15541
0.066925	0.15547
0.066116	0.15551
0.072525	0.15555
0.078430	0.15559
0.074554	0.15561
0.073853	0.15567
0.068558	0.15571
0.074463	0.15577
0.066925	0.15581
0.073441	0.15585
0.069977	0.15589
0.082092	0.15593
0.074463	0.15597
0.072525	0.15601
0.067642	0.15606
0.070084	0.15610
0.073441	0.15616
0.072220	0.15622
0.069885	0.15628
0.078934	0.15636
0.070190	0.15644
0.076996	0.15650
0.066223	0.15656
0.072327	0.15664
0.070892	0.15670
0.068863	0.15677
0.075989	0.15683
0.074051	0.15691
0.069168	0.15701
0.077911	0.15709
0.075775	0.15717
0.073242	0.15725
0.065002	0.15733
0.069473	0.15741
0.074249	0.15746
0.074768	0.15752
0.071503	0.15758
0.074051	0.15764
0.074356	0.15768
0.078522	0.15774
0.065308	0.15780
0.072113	0.15788
0.071411	0.15794
0.079849	0.15800
0.075165	0.15808
0.075577	0.15814
0.074661	0.15819
0.073334	0.15823
0.071304	0.15829
0.071503	0.15833
0.068970	0.15835
0.079651	0.15839
0.072418	0.15839
0.075684	0.15841
0.080765	0.15841
0.071808	0.15841
0.072937	0.15841
0.068451	0.15841
0.073547	0.15841
0.076691	0.15841
0.068970	0.15841
0.079041	0.15841
0.075378	0.15843
0.073746	0.15843
0.067749	0.15847
0.068146	0.15849
0.075165	0.15853
0.077209	0.15855
0.070892	0.15859
0.075470	0.15863
0.072021	0.15867
0.078430	0.15869
0.066315	0.15871
0.070084	0.15871
0.070282	0.15873
0.078934	0.15873
0.073639	0.15875
0.071304	0.15875
0.074661	0.15875
0.075470	0.15875
0.067642	0.15875
0.073547	0.15875
0.071198	0.15875
0.079437	0.15875
0.075073	0.15875
0.076187	0.15877
0.076492	0.15879
0.072525	0.15883
0.073029	0.15888
0.072723	0.15894
0.071808	0.15902
0.076691	0.15910
0.068970	0.15920
0.080460	0.15928
0.077103	0.15932
0.073746	0.15936
0.070892	0.15940
0.069473	0.15942
0.075989	0.15942
0.074860	0.15942
0.067642	0.15944
0.077515	0.15944
0.074249	0.15944
0.074463	0.15946
0.068253	0.15950
0.069885	0.15954
0.075470	0.15958
0.077911	0.15963
0.074158	0.15969
0.072937	0.15977
0.075577	0.15983
0.077820	0.15989
0.067642	0.15995
0.068863	0.15999
0.068756	0.16005
0.067444	0.16011
0.076294	0.16015
0.076080	0.16021
0.073746	0.16025
0.075378	0.16031
0.068756	0.16034
0.072220	0.16040
0.070892	0.16044
0.067535	0.16048
0.070084	0.16054
0.075470	0.16058
0.079132	0.16064
0.071503	0.16068
0.070282	0.16072
0.068253	0.16076
0.071915	0.16078
0.072418	0.16080
0.071503	0.16082
0.077408	0.16084
0.076294	0.16084
0.074356	0.16084
0.066925	0.16084
0.067230	0.16084
0.072113	0.16084
0.070801	0.16084
0.072021	0.16084
0.072937	0.16084
0.075989	0.16084
0.077103	0.16084
0.067032	0.16084
0.068558	0.16084
0.072525	0.16084
0.067535	0.16084
0.074051	0.16084
0.071915	0.16084
0.075378	0.16084
0.075882	0.16084
0.067642	0.16084
0.074051	0.16084
0.068558	0.16084
0.069366	0.16084
0.071304	0.16084
0.074554	0.16084
0.076797	0.16084
0.073242	0.16086
0.073242	0.16090
0.075272	0.16096
0.067642	0.16102
0.070587	0.16105
0.069672	0.16111
0.076996	0.16117
0.079544	0.16123
0.073029	0.16129
0.069885	0.16135
0.067841	0.16139
0.074051	0.16141
0.071503	0.16143
0.071503	0.16145
0.076904	0.16145
0.074158	0.16145
0.075073	0.16145
0.066422	0.16145
0.070282	0.16145
0.074966	0.16145
0.067337	0.16145
0.068558	0.16145
0.075882	0.16145
0.074860	0.16145
0.080353	0.16145
0.066422	0.16145
0.069580	0.16145
0.070892	0.16145
0.065811	0.16145
0.074966	0.16147
0.076080	0.16149
0.072525	0.16155
0.073029	0.16159
0.067535	0.16167
0.073242	0.16173
0.066223	0.16180
0.070496	0.16190
0.069061	0.16198
0.074158	0.16206
0.079239	0.16214
0.071808	0.16224
0.072830	0.16232
0.069580	0.16240
0.070694	0.16249
0.073547	0.16259
0.066925	0.16267
0.078430	0.16277
0.074554	0.16285
0.074768	0.16291
0.078522	0.16299
0.070801	0.16303
0.074860	0.16309
0.068756	0.16313
0.068451	0.16320
0.075775	0.16326
0.069778	0.16334
0.079239	0.16344
0.078522	0.16356
0.067749	0.16368
0.071503	0.16382
0.065613	0.16397
0.073029	0.16413
0.073853	0.16429
0.070496	0.16443
0.078018	0.16457
0.073853	0.16468
0.072937	0.16482
0.069168	0.16492
0.067032	0.16500
0.073944	0.16506
0.071609	0.16512
0.075989	0.16514
0.070694	0.16516
0.070694	0.16518
0.073441	0.16518
0.065918	0.16518
0.069778	0.16518
0.067841	0.16518
0.077820	0.16518
0.077911	0.16522
0.073547	0.16526
0.072418	0.16532
0.069580	0.16539
0.070496	0.16547
0.072632	0.16555
0.066925	0.16565
0.079041	0.16575
0.071411	0.16585
0.076797	0.16593
0.065002	0.16603
0.070084	0.16610
0.072830	0.16618
0.068451	0.16628
0.068756	0.16634
0.074860	0.16640
0.072723	0.16644
0.077301	0.16650
0.065918	0.16654
0.069977	0.16658
0.070587	0.16660
0.067535	0.16662
0.073853	0.16666
0.071304	0.16668
0.072327	0.16672
0.073853	0.16674
0.068253	0.16677
0.074554	0.16681
0.068665	0.16687
0.066223	0.16691
0.071503	0.16697
0.073746	0.16703
0.077103	0.16707
0.072220	0.16713
0.073441	0.16717
0.071609	0.16723
0.070084	0.16727
0.069061	0.16731
0.070694	0.16735
0.079849	0.16739
0.074554	0.16741
0.074463	0.16745
0.072937	0.16747
0.070892	0.16750
0.070892	0.16754
0.072021	0.16758
0.067032	0.16762
0.076385	0.16766
0.074158	0.16770
0.075378	0.16772
0.066223	0.16774
0.068863	0.16774
0.070694	0.16776
0.068253	0.16776
0.070190	0.16778
0.071503	0.16778
0.072113	0.16782
0.074158	0.16784
0.075073	0.16788
0.072327	0.16792
0.068665	0.16796
0.067444	0.16800
0.074966	0.16806
0.073334	0.16810
0.074356	0.16816
0.074860	0.16820
0.073242	0.16825
0.075989	0.16829
0.068359	0.16835
0.068359	0.16841
0.069275	0.16845
0.076492	0.16851
0.074768	0.16855
0.071411	0.16861
0.074768	0.16867
0.071915	0.16871
0.070190	0.16877
0.073853	0.16885
0.065811	0.16891
0.069275	0.16896
0.072220	0.16904
0.077515	0.16910
0.077911	0.16918
0.070389	0.16926
0.073853	0.16936
0.071915	0.16944
0.070892	0.16952
0.070801	0.16958
0.072723	0.16963
0.077911	0.16969
0.072113	0.16973
0.075272	0.16977
0.078934	0.16981
0.071198	0.16983
0.069580	0.16987
0.069977	0.16989
0.069885	0.16991
0.076691	0.16993
0.071609	0.16993
0.078018	0.16995
0.078827	0.16997
0.070282	0.16999
0.065704	0.17003
0.066116	0.17007
0.077606	0.17009
0.075378	0.17013
0.073334	0.17017
0.073853	0.17021
0.073242	0.17025
0.073853	0.17027
0.067841	0.17031
0.065704	0.17035
0.069885	0.17038
0.077911	0.17042
0.077103	0.17046
0.072021	0.17050
0.075775	0.17056
0.073944	0.17058
0.068146	0.17062
0.072525	0.17066
0.068863	0.17070
0.065704	0.17074
0.074051	0.17076
0.074554	0.17080
0.076797	0.17084
0.073441	0.17086
0.072021	0.17088
0.070801	0.17090
0.071198	0.17092
0.069473	0.17092
0.067535	0.17094
0.077408	0.17094
0.079239	0.17094
0.072525	0.17094
0.070496	0.17094
0.066727	0.17094
0.075684	0.17094
0.068253	0.17094
0.072021	0.17096
0.074158	0.17098
0.075684	0.17100
0.074463	0.17102
0.067444	0.17102
0.069473	0.17104
0.074051	0.17104
0.065308	0.17104
0.073334	0.17104
0.074249	0.17104
0.072830	0.17104
0.077301	0.17104
0.064285	0.17104
0.070587	0.17104
0.070892	0.17106
0.065506	0.17106
0.075989	0.17106
0.070999	0.17106
0.076080	0.17106
0.070282	0.17106
0.067749	0.17106
0.074661	0.17106
0.066925	0.17106
0.066727	0.17106
0.071609	0.17106
0.071716	0.17106
0.077713	0.17106
0.072327	0.17106
0.068970	0.17106
0.070282	0.17106
0.071915	0.17106
0.070587	0.17106
0.068451	0.17106
0.077820	0.17106
0.077103	0.17106
0.072418	0.17106
0.067642	0.17106
0.066925	0.17106
0.075989	0.17106
0.067230	0.17106
0.070389	0.17106
0.074768	0.17106
0.074463	0.17106
0.078430	0.17106
0.077209	0.17106
0.070801	0.17106
0.068558	0.17106
0.068054	0.17106
0.074554	0.17106
0.073639	0.17106
0.075272	0.17106
0.072830	0.17106
0.067444	0.17106
0.072525	0.17106
0.070084	0.17106
0.063873	0.17106
0.074463	0.17106
0.072327	0.17106
0.078323	0.17106
0.070892	0.17106
0.072021	0.17106
0.071411	0.17106
0.070084	0.17106
0.065918	0.17104
0.071716	0.17104
0.078827	0.17104
0.077209	0.17104
0.072220	0.17104
0.070801	0.17102
0.068253	0.17102
0.072327	0.17102
0.068863	0.17102
0.069672	0.17100
0.076080	0.17100
0.075882	0.17100
0.070892	0.17100
0.067749	0.17100
0.066925	0.17100
0.076080	0.17100
0.066223	0.17100
0.072830	0.17100
0.073746	0.17100
0.074463	0.17100
0.073135	0.17100
0.067535	0.17100
0.068451	0.17100
0.070587	0.17100
0.066315	0.17100
0.072830	0.17100
0.070587	0.17100
0.072220	0.17100
0.072220	0.17100
0.067032	0.17100
0.072525	0.17100
0.069672	0.17100
0.064285	0.17100
0.072327	0.17100
0.074249	0.17100
0.076996	0.17100
0.069778	0.17100
0.071411	0.17100
0.068451	0.17100
0.070496	0.17100
0.073944	0.17100
0.070282	0.17100
0.077820	0.17100
0.077911	0.17100
0.069885	0.17100
0.067841	0.17102
0.067642	0.17102
0.071304	0.17102
0.067947	0.17102
0.068054	0.17102
0.075165	0.17102
0.074158	0.17102
0.072327	0.17102
0.066833	0.17102
0.065811	0.17102
0.070587	0.17102
0.066315	0.17102
0.071304	0.17102
0.073334	0.17102
0.072937	0.17102
0.073746	0.17102
0.067444	0.17102
0.067139	0.17102
0.067337	0.17102
0.062149	0.17102
0.075882	0.17102
0.068863	0.17102
0.075165	0.17102
0.071716	0.17102
0.073547	0.17102
0.070694	0.17102
0.069061	0.17102
0.068054	0.17102
0.068451	0.17102
0.075989	0.17102
0.076187	0.17102
0.071411	0.17102
0.073334	0.17102
0.068451	0.17102
0.071609	0.17102
0.067337	0.17102
0.069168	0.17102
0.077911	0.17102
0.071915	0.17102
0.070999	0.17102
0.078018	0.17102
0.068970	0.17102
0.070587	0.17102
0.066010	0.17102
0.070587	0.17102
0.072937	0.17102
0.068558	0.17102
0.077515	0.17102
0.071503	0.17102
0.070282	0.17102
0.068054	0.17102
0.065704	0.17102
0.074661	0.17102
0.071716	0.17102
0.070694	0.17102
0.072937	0.17102
0.070801	0.17102
0.074463	0.17102
0.067642	0.17102
0.065704	0.17102
0.067947	0.17102
0.065506	0.17102
0.073853	0.17102
0.073242	0.17102
0.070282	0.17102
0.070694	0.17102
0.069366	0.17102
0.073135	0.17102
0.066116	0.17102
0.065704	0.17102
0.075165	0.17102
0.072830	0.17102
0.076080	0.17102
0.067841	0.17102
0.072525	0.17102
0.068451	0.17102
0.070190	0.17102
0.068756	0.17102
0.071609	0.17102
0.076996	0.17102
0.075684	0.17102
0.067841	0.17102
0.070190	0.17102
0.067032	0.17102
0.072830	0.17102
0.066620	0.17102
0.071609	0.17102
0.072632	0.17102
0.072632	0.17102
0.069061	0.17102
0.067032	0.17102
0.066010	0.17102
0.070999	0.17102
0.064178	0.17102
0.072830	0.17102
0.070496	0.17102
0.073853	0.17102
0.074249	0.17102
0.064392	0.17102
0.069473	0.17102
0.069168	0.17102
0.063568	0.17102
0.076797	0.17102
0.072525	0.17102
0.069977	0.17102
0.070190	0.17102
0.070084	0.17102
0.071503	0.17102
0.067535	0.17102
0.064285	0.17102
0.070694	0.17102
0.075073	0.17102
0.074463	0.17102
0.070084	0.17102
0.070282	0.17102
0.066010	0.17102
0.068970	0.17102
0.072113	0.17102
0.069885	0.17102
0.078125	0.17102
0.073135	0.17102
0.071411	0.17102
0.078827	0.17102
0.067947	0.17102
0.073547	0.17102
0.066422	0.17102
0.068665	0.17102
0.070282	0.17102
0.068970	0.17102
0.076294	0.17102
0.078125	0.17102
0.067230	0.17102
0.065613	0.17102
0.063980	0.17102
0.075989	0.17102
0.065308	0.17102
0.072418	0.17102
0.069473	0.17102
0.072830	0.17102
0.071808	0.17102
0.065918	0.17102
0.066528	0.17102
0.068970	0.17102
0.065308	0.17102
0.074356	0.17102
0.071106	0.17102
0.071716	0.17102
0.069672	0.17102
0.068558	0.17102
0.067749	0.17102
0.070587	0.17102
0.064697	0.17102
0.073547	0.17102
0.071503	0.17102
0.073242	0.17102
0.067749	0.17102
0.070801	0.17102
0.071304	0.17102
0.069168	0.17102
0.067230	0.17102
0.071915	0.17102
0.073746	0.17102
0.077515	0.17102
0.069366	0.17102
0.071106	0.17102
0.066528	0.17102
0.070587	0.17102
0.070496	0.17102
0.070892	0.17102
0.074768	0.17102
0.074463	0.17102
0.073242	0.17102
0.066223	0.17102
0.065399	0.17102
0.075272	0.17102
0.063065	0.17102
0.072220	0.17102
0.072937	0.17102
0.071304	0.17102
0.073639	0.17102
0.065811	0.17102
0.065811	0.17102
0.069778	0.17102
0.062149	0.17102
0.075470	0.17102
0.068558	0.17102
0.075378	0.17102
0.069672	0.17102
0.069275	0.17102
0.070587	0.17102
0.066315	0.17102
0.066116	0.17102
0.068359	0.17102
0.073853	0.17102
0.077408	0.17102
0.069580	0.17102
0.071503	0.17102
0.069061	0.17102
0.071304	0.17102
0.069580	0.17102
0.070587	0.17102
0.074051	0.17102
0.073441	0.17102
0.070694	0.17102
0.067642	0.17102
0.064392	0.17102
0.074554	0.17102
0.066315	0.17102
0.070892	0.17102
0.070496	0.17102
0.074249	0.17102
0.073853	0.17102
0.064484	0.17102
0.066727	0.17102
0.069580	0.17102
0.064789	0.17102
0.073639	0.17102
0.068863	0.17102
0.072937	0.17102
0.072937	0.17102
0.066315	0.17102
0.068558	0.17102
0.069778	0.17102
0.063171	0.17102
0.075775	0.17102
0.070190	0.17102
0.074768	0.17102
0.069977	0.17102
0.073029	0.17102
0.067032	0.17102
0.070084	0.17102
0.064896	0.17102
0.070587	0.17102
0.076691	0.17102
0.078018	0.17102
0.069473	0.17102
0.070801	0.17102
0.068146	0.17102
0.070801	0.17102
0.068970	0.17102
0.070999	0.17102
0.075073	0.17102
0.070892	0.17102
0.072830	0.17102
0.078735	0.17102
0.066116	0.17102
0.072632	0.17102
0.066315	0.17102
0.071609	0.17102
0.070587	0.17102
0.071304	0.17102
0.074554	0.17102
0.076080	0.17102
0.066223	0.17102
0.070190	0.17102
0.065094	0.17102
0.076187	0.17102
0.071411	0.17102
0.074554	0.17102
0.069275	0.17102
0.073944	0.17102
0.069061	0.17102
0.068863	0.17102
0.066727	0.17102
0.072113	0.17102
0.073746	0.17102
0.077911	0.17102
0.067642	0.17102
0.073334	0.17102
0.069778	0.17102
0.067749	0.17102
0.070496	0.17102
0.068863	0.17102
0.074051	0.17102
0.076691	0.17102
0.071304	0.17102
0.073135	0.17102
0.068863	0.17102
0.072937	0.17102
0.069473	0.17102
0.071304	0.17102
0.072327	0.17102
0.073242	0.17102
0.076080	0.17102
0.076904	0.17102
0.068253	0.17102
0.069580	0.17102
0.067337	0.17102
0.073547	0.17102
0.068665	0.17102
0.070190	0.17102
0.070892	0.17102
0.073639	0.17102
0.071915	0.17102
0.066223	0.17102
0.066833	0.17102
0.073135	0.17102
0.065399	0.17102
0.072021	0.17102
0.071198	0.17102
0.070282	0.17102
0.070084	0.17102
0.068863	0.17102
0.066116	0.17102
0.070282	0.17102
0.065002	0.17102
0.075684	0.17102
0.069672	0.17102
0.075378	0.17102
0.066422	0.17102
0.068665	0.17102
0.069778	0.17102
0.068970	0.17102
0.066223	0.17102
0.073853	0.17102
0.071304	0.17102
0.078522	0.17102
0.068359	0.17102
0.074051	0.17102
0.066833	0.17102
0.070999	0.17102
0.069778	0.17102
0.070389	0.17102
0.075684	0.17102
0.074249	0.17102
0.067749	0.17102
0.068665	0.17102
0.066925	0.17102
0.071411	0.17102
0.067139	0.17102
0.073242	0.17102
0.072632	0.17102
0.072632	0.17102
0.072723	0.17102
0.077408	0.17102
0.068146	0.17102
0.069778	0.17102
0.065308	0.17102
0.077713	0.17102
0.071503	0.17102