0.082794	0.0000
0.073135	0.0000
0.081787	0.0000
0.073135	0.0000
0.078934	0.0000
0.081070	0.0000
0.081680	0.0000
0.078217	0.0000
0.081482	0.0000
0.073746	0.0000
0.081482	0.0000
0.071304	0.0000
0.080566	0.0000
0.078217	0.0000
0.081070	0.0000
0.079132	0.0000
0.081985	0.0000
0.072113	0.0000
0.077820	0.0000
0.071915	0.0000
0.083710	0.0000
0.078125	0.0000
0.081680	0.0000
0.072723	0.0000
0.080048	0.0000
0.074356	0.0000
0.079437	0.0000
0.072418	0.0000
0.080048	0.0000
0.076187	0.0000
0.085144	0.0000
0.071609	0.0000
0.080154	0.0000
0.072113	0.0000
0.078522	0.0000
0.074356	0.0000
0.079849	0.0000
0.080353	0.0000
0.083099	0.0000
0.073746	0.0000
0.082397	0.0000
0.071304	0.0000
0.081879	0.0000
0.075989	0.0000
0.080963	0.0000
0.076904	0.0000
0.079742	0.0000
0.079544	0.0000
0.083923	0.0000
0.074051	0.0000
0.080566	0.0000
0.068665	0.0000
0.080658	0.0000
0.078827	0.0000
0.080154	0.0000
0.078018	0.0000
0.081375	0.0000
0.072937	0.0000
0.078934	0.0000
0.073334	0.0000
0.083618	0.0000
0.075165	0.0000
0.080460	0.0000
0.075073	0.0000
0.078323	0.0000
0.077301	0.0000
0.077408	0.0000
0.074356	0.0000
0.077103	0.0000
0.078323	0.0000
0.084732	0.0000
0.072830	0.0000
0.082092	0.0000
0.070496	0.0000
0.081573	0.0000
0.073441	0.0000
0.078735	0.0000
0.081573	0.0000
0.081070	0.0000
0.076904	0.0000
0.083206	0.0000
0.069580	0.0000
0.082489	0.0000
0.073746	0.0000
0.079132	0.0000
0.077606	0.0000
0.081070	0.0000
0.079239	0.0000
0.079742	0.0000
0.073029	0.0000
0.077606	0.0000
0.072220	0.0000
0.081985	0.0000
0.076599	0.0000
0.078217	0.0000
0.073944	0.0000
0.081879	0.0000
0.074051	0.0000
0.079132	0.0000
0.069885	0.0000
0.082596	0.0000
0.077301	0.0000
0.082489	0.0000
0.070892	0.0000
0.079956	0.0000
0.071808	0.0000
0.079437	0.0000
0.075272	0.0000
0.080460	0.0000
0.080566	0.0000
0.083923	0.0000
0.072220	0.0000
0.081573	0.0000
0.071915	0.0000
0.080353	0.0000
0.075577	0.0000
0.080963	0.0000
0.077911	0.0000
0.079437	0.0000
0.074860	0.0000
0.084015	0.0000
0.073135	0.0000
0.079651	0.0000
0.073547	0.0000
0.080658	0.0000
0.076599	0.0000
0.079041	0.0000
0.079132	0.0000
0.078735	0.0000
0.075165	0.0000
0.079132	0.0000
0.072327	0.0000
0.081680	0.0000
0.073853	0.0000
0.082184	0.0000
0.070496	0.0000
0.080872	0.0000
0.078125	0.0000
0.078629	0.0000
0.069885	-1.9725E-5
0.080460	-1.9725E-5
0.075073	-1.9725E-5
0.085342	-1.9725E-5
0.070999	-1.9725E-5
0.081268	-1.9725E-5
0.073441	-1.9725E-5
0.081070	-1.9725E-5
0.076599	-1.9725E-5
0.077301	-1.9725E-5
0.080154	-1.9725E-5
0.081268	-1.9725E-5
0.071609	-1.9725E-5
0.084229	-1.9725E-5
0.069778	-1.9725E-5
0.083008	-1.9725E-5
0.073242	-1.9725E-5
0.078125	-1.9725E-5
0.077713	-1.9725E-5
0.077408	-1.9725E-5
0.077713	-1.9725E-5
0.082901	-3.9450E-5
0.072830	-3.9450E-5
0.080872	-3.9450E-5
0.072632	-3.9450E-5
0.082184	-3.9450E-5
0.075272	-3.9450E-5
0.077911	-3.9450E-5
0.073441	-3.9450E-5
0.079849	-3.9450E-5
0.076294	-3.9450E-5
0.078827	-3.9450E-5
0.069275	-3.9450E-5
0.082596	-3.9450E-5
0.076599	-3.9450E-5
0.081573	-3.9450E-5
0.073242	-3.9450E-5
0.080154	-3.9450E-5
0.075684	-3.9450E-5
0.076904	-3.9450E-5
0.074966	-1.9725E-5
0.079956	-1.9725E-5
0.071609	-1.9725E-5
0.083313	-1.9725E-5
0.072021	-1.9725E-5
0.081375	-1.9725E-5
0.070282	-1.9725E-5
0.082184	-1.9725E-5
0.074051	-1.9725E-5
0.076599	-1.9725E-5
0.078522	-1.9725E-5
0.079041	-1.9725E-5
0.076599	0.0000
0.080963	0.0000
0.070084	0.0000
0.082397	1.9725E-5
0.072113	1.9725E-5
0.079132	3.9450E-5
0.075882	3.9450E-5
0.077911	3.9450E-5
0.077408	5.9175E-5
0.079346	5.9175E-5
0.072021	5.9175E-5
0.078323	5.9175E-5
0.071609	7.8900E-5
0.083923	7.8900E-5
0.075272	7.8900E-5
0.081680	9.8625E-5
0.070587	9.8625E-5
0.078323	1.1835E-4
0.076797	1.1835E-4
0.075882	1.3808E-4
0.072525	1.5780E-4
0.079849	1.5780E-4
0.072723	1.5780E-4
0.084625	1.7753E-4
0.073334	1.7753E-4
0.080460	1.7753E-4
0.071716	1.9725E-4
0.078018	1.9725E-4
0.076187	2.1698E-4
0.078430	2.1698E-4
0.073135	2.3670E-4
0.079956	2.5643E-4
0.073242	2.5643E-4
0.082901	2.7615E-4
0.071304	2.9588E-4
0.082291	3.1560E-4
0.072327	3.1560E-4
0.079849	3.3533E-4
0.075073	3.5505E-4
0.080353	3.7478E-4
0.077301	3.9450E-4
0.079956	4.1422E-4
0.072220	4.3395E-4
0.079651	4.5368E-4
0.072113	4.7340E-4
0.081573	4.9313E-4
0.070587	5.3258E-4
0.080048	5.5230E-4
0.075073	5.7202E-4
0.079132	6.1148E-4
0.072418	6.5092E-4
0.079544	6.7065E-4
0.071411	7.1010E-4
0.081787	7.4955E-4
0.075073	7.8900E-4
0.078430	8.2845E-4
0.073242	8.6790E-4
0.080048	9.0735E-4
0.073029	9.4680E-4
0.079742	9.8625E-4
0.071716	0.0010257
0.078125	0.0010454
0.077103	0.0010849
0.084015	0.0011243
0.073334	0.0011638
0.079742	0.0011835
0.069473	0.0012229
0.079239	0.0012427
0.075165	0.0012821
0.077408	0.0013018
0.075378	0.0013413
0.078522	0.0013807
0.075272	0.0014202
0.080154	0.0014596
0.069061	0.0014991
0.081573	0.0015385
0.070084	0.0015780
0.080963	0.0016174
0.076904	0.0016569
0.078125	0.0016963
0.077209	0.0017358
0.077911	0.0017752
0.069473	0.0018147
0.078735	0.0018541
0.069672	0.0018936
0.081680	0.0019330
0.076294	0.0019528
0.081482	0.0019922
0.072525	0.0020317
0.076904	0.0020711
0.075775	0.0021106
0.077103	0.0021500
0.069473	0.0021895
0.078934	0.0022289
0.070892	0.0022684
0.084320	0.0023078
0.072937	0.0023473
0.078217	0.0023867
0.073029	0.0024262
0.075684	0.0024656
0.075684	0.0025051
0.076080	0.0025445
0.073639	0.0025642
0.083099	0.0025840
0.071808	0.0026234
0.080658	0.0026431
0.069275	0.0026629
0.083099	0.0026826
0.073639	0.0027023
0.079239	0.0027220
0.072723	0.0027418
0.080154	0.0027615
0.075577	0.0027812
0.082092	0.0028009
0.069977	0.0028207
0.080261	0.0028404
0.070999	0.0028601
0.081787	0.0028798
0.076797	0.0028798
0.079239	0.0028996
0.075272	0.0029193
0.077103	0.0029193
0.072937	0.0029390
0.079544	0.0029587
0.069061	0.0029785
0.079742	0.0029785
0.073547	0.0029982
0.082184	0.0030179
0.070892	0.0030574
0.078217	0.0030771
0.072525	0.0030968
0.077911	0.0031165
0.072723	0.0031363
0.077301	0.0031757
0.073547	0.0031954
0.083618	0.0032349
0.069366	0.0032546
0.080460	0.0032743
0.071304	0.0033138
0.077820	0.0033532
0.073639	0.0033730
0.075073	0.0034124
0.074661	0.0034321
0.079239	0.0034716
0.073242	0.0035110
0.082901	0.0035308
0.070084	0.0035702
0.082596	0.0036097
0.073334	0.0036491
0.079544	0.0036688
0.075073	0.0037083
0.079849	0.0037280
0.075470	0.0037675
0.079346	0.0037872
0.068970	0.0038266
0.078430	0.0038464
0.069061	0.0038858
0.080872	0.0039253
0.074158	0.0039450
0.080872	0.0039844
0.073853	0.0040239
0.078125	0.0040633
0.075577	0.0041028
0.082184	0.0041225
0.068146	0.0041620
0.079346	0.0042014
0.073441	0.0042211
0.084015	0.0042606
0.072632	0.0042803
0.077713	0.0043198
0.073853	0.0043395
0.075775	0.0043592
0.075470	0.0043987
0.076385	0.0044184
0.068863	0.0044578
0.081070	0.0044776
0.074554	0.0044973
0.079346	0.0045367
0.068359	0.0045762
0.079544	0.0045959
0.074661	0.0046354
0.074554	0.0046748
0.074860	0.0047143
0.079651	0.0047537
0.071304	0.0047932
0.081177	0.0048326
0.069061	0.0048721
0.080261	0.0049115
0.070587	0.0049510
0.080154	0.0050101
0.071808	0.0050496
0.079239	0.0050693
0.071609	0.0051088
0.079742	0.0051482
0.074768	0.0051877
0.082596	0.0052468
0.069275	0.0052863
0.079742	0.0053257
0.072220	0.0053652
0.079849	0.0054046
0.076691	0.0054441
0.079041	0.0054835
0.073242	0.0055427
0.080261	0.0055822
0.069672	0.0056216
0.078430	0.0056611
0.068863	0.0057202
0.080460	0.0057597
0.073547	0.0057991
0.076691	0.0058386
0.068558	0.0058780
0.079346	0.0059175
0.074860	0.0059569
0.078018	0.0059964
0.069366	0.0060358
0.079041	0.0060753
0.069366	0.0060950
0.083099	0.0061345
0.069473	0.0061542
0.080154	0.0061739
0.070694	0.0062134
0.074463	0.0062331
0.076385	0.0062528
0.079544	0.0062923
0.072632	0.0063120
0.077515	0.0063514
0.073746	0.0063712
0.081787	0.0064106
0.069778	0.0064303
0.074158	0.0064698
0.073853	0.0065092
0.080048	0.0065290
0.074051	0.0065684
0.078217	0.0065881
0.077713	0.0066276
0.078430	0.0066670
0.072830	0.0066868
0.078827	0.0067262
0.071304	0.0067657
0.082596	0.0067854
0.075470	0.0068248
0.073853	0.0068446
0.072723	0.0068840
0.078522	0.0069037
0.074966	0.0069235
0.076385	0.0069629
0.071198	0.0069826
0.079132	0.0070024
0.072723	0.0070221
0.079742	0.0070418
0.071411	0.0070418
0.076904	0.0070615
0.072021	0.0070813
0.078629	0.0071010
0.070389	0.0071207
0.076385	0.0071404
0.070694	0.0071602
0.082703	0.0071996
0.068451	0.0072193
0.081070	0.0072391
0.069672	0.0072588
0.077301	0.0072982
0.075165	0.0073180
0.076904	0.0073377
0.071716	0.0073574
0.077408	0.0073969
0.073746	0.0074166
0.079849	0.0074560
0.070496	0.0074758
0.075684	0.0075152
0.071716	0.0075349
0.080566	0.0075744
0.076691	0.0075941
0.078125	0.0076336
0.075165	0.0076730
0.079239	0.0076927
0.069061	0.0077322
0.079651	0.0077519
0.071106	0.0077914
0.079742	0.0078111
0.069885	0.0078505
0.080154	0.0078900
0.071808	0.0079097
0.076996	0.0079492
0.074158	0.0079689
0.076797	0.0080083
0.070389	0.0080478
0.079437	0.0080872
0.071304	0.0081267
0.081482	0.0081464
0.071915	0.0081859
0.075577	0.0082253
0.067749	0.0082648
0.077713	0.0082845
0.073135	0.0083239
0.078827	0.0083634
0.069473	0.0084028
0.078125	0.0084423
0.072418	0.0084620
0.081985	0.0085015
0.067749	0.0085409
0.076385	0.0085804
0.072632	0.0086198
0.078125	0.0086790
0.074661	0.0087184
0.077209	0.0087579
0.074158	0.0088171
0.081573	0.0088565
0.066925	0.0089157
0.077301	0.0089749
0.070496	0.0090143
0.083008	0.0090735
0.072220	0.0091327
0.079132	0.0091918
0.069977	0.0092510
0.078018	0.0093102
0.070587	0.0093891
0.079544	0.0094483
0.071106	0.0095074
0.081177	0.0095666
0.071198	0.0096258
0.080566	0.0096850
0.068558	0.0097244
0.078934	0.0097836
0.071609	0.0098428
0.076385	0.0099019
0.071198	0.0099808
0.078629	0.010040
0.072418	0.010099
0.080765	0.010158
0.070282	0.010237
0.076599	0.010296
0.070587	0.010356
0.076492	0.010435
0.074860	0.010494
0.077820	0.010573
0.072021	0.010632
0.077713	0.010691
0.071915	0.010750
0.079544	0.010809
0.069473	0.010868
0.076187	0.010928
0.067535	0.010987
0.077911	0.011046
0.076187	0.011105
0.075378	0.011164
0.073441	0.011204
0.079544	0.011263
0.071106	0.011322
0.079132	0.011381
0.070084	0.011421
0.079651	0.011480
0.074158	0.011539
0.079132	0.011579
0.070694	0.011638
0.076385	0.011697
0.072327	0.011736
0.079437	0.011796
0.071915	0.011835
0.078018	0.011894
0.068558	0.011934
0.082794	0.011993
0.075577	0.012032
0.076080	0.012072
0.072113	0.012131
0.073242	0.012170
0.074356	0.012229
0.078430	0.012269
0.069366	0.012328
0.081375	0.012368
0.072220	0.012427
0.081268	0.012466
0.069885	0.012525
0.073547	0.012585
0.074051	0.012624
0.078934	0.012683
0.071106	0.012742
0.077911	0.012802
0.073441	0.012861
0.081177	0.012920
0.068665	0.012959
0.074768	0.013018
0.067841	0.013078
0.083099	0.013137
0.073639	0.013176
0.077606	0.013216
0.071503	0.013275
0.079041	0.013314
0.069672	0.013354
0.080460	0.013393
0.069168	0.013452
0.082184	0.013492
0.069778	0.013551
0.079437	0.013610
0.077209	0.013650
0.076797	0.013709
0.073639	0.013768
0.076294	0.013827
0.071609	0.013886
0.077209	0.013926
0.071198	0.013985
0.079239	0.014024
0.075378	0.014064
0.076187	0.014103
0.070892	0.014143
0.075882	0.014182
0.073746	0.014222
0.076904	0.014261
0.072220	0.014301
0.075684	0.014340
0.073944	0.014380
0.081680	0.014419
0.066528	0.014458
0.077209	0.014498
0.072418	0.014537
0.080261	0.014577
0.076187	0.014616
0.078125	0.014636
0.074158	0.014675
0.079346	0.014715
0.069168	0.014754
0.080765	0.014794
0.068054	0.014833
0.082596	0.014873
0.075165	0.014932
0.077515	0.014971
0.076492	0.015011
0.077820	0.015050
0.075165	0.015109
0.080566	0.015149
0.068756	0.015188
0.076904	0.015247
0.071808	0.015287
0.082397	0.015326
0.078629	0.015366
0.076797	0.015425
0.070801	0.015464
0.077103	0.015504
0.074158	0.015543
0.076691	0.015602
0.070999	0.015642
0.079956	0.015681
0.071411	0.015721
0.081787	0.015760
0.070084	0.015800
0.077103	0.015839
0.074356	0.015879
0.074554	0.015918
0.074051	0.015958
0.077606	0.015977
0.075272	0.016017
0.080872	0.016056
0.067947	0.016115
0.075775	0.016174
0.071198	0.016214
0.072937	0.016273
0.076080	0.016332
0.075577	0.016391
0.071106	0.016451
0.078934	0.016510
0.069580	0.016569
0.081680	0.016608
0.070084	0.016668
0.075577	0.016707
0.071609	0.016766
0.077103	0.016825
0.075470	0.016865
0.079239	0.016924
0.072418	0.016983
0.075684	0.017023
0.071503	0.017062
0.076904	0.017102
0.071304	0.017141
0.080658	0.017200
0.077209	0.017240
0.078735	0.017279
0.067749	0.017319
0.076492	0.017338
0.074463	0.017378
0.074860	0.017397
0.069672	0.017417
0.079849	0.017457
0.071915	0.017476
0.080048	0.017516
0.070084	0.017536
0.075882	0.017575
0.071198	0.017614
0.079651	0.017654
0.076996	0.017693
0.076797	0.017733
0.074661	0.017772
0.077209	0.017792
0.070892	0.017831
0.075882	0.017871
0.071716	0.017891
0.083099	0.017910
0.072525	0.017930
0.078827	0.017950
0.074463	0.017969
0.077103	0.017989
0.074554	0.018009
0.078125	0.018029
0.070496	0.018048
0.080963	0.018048
0.070282	0.018068
0.079041	0.018088
0.077911	0.018108
0.079956	0.018127
0.070892	0.018167
0.078125	0.018186
0.071106	0.018226
0.079544	0.018246
0.072723	0.018265
0.080048	0.018305
0.076797	0.018325
0.077515	0.018344
0.070587	0.018384
0.078018	0.018423
0.074966	0.018443
0.077408	0.018482
0.074463	0.018522
0.078522	0.018581
0.074768	0.018640
0.082596	0.018680
0.070892	0.018739
0.076080	0.018798
0.072220	0.018837
0.078934	0.018897
0.076797	0.018936
0.075989	0.018975
0.076187	0.018995
0.076599	0.019035
0.071808	0.019074
0.080963	0.019094
0.071198	0.019133
0.080460	0.019173
0.072723	0.019212
0.080658	0.019232
0.077103	0.019271
0.075882	0.019291
0.075073	0.019331
0.074966	0.019350
0.070084	0.019370
0.079239	0.019390
0.072723	0.019429
0.081070	0.019429
0.075272	0.019449
0.079346	0.019469
0.071609	0.019488
0.074661	0.019508
0.076996	0.019528
0.077408	0.019528
0.072723	0.019547
0.077301	0.019587
0.076797	0.019607
0.080353	0.019626
0.068756	0.019666
0.076294	0.019686
0.074661	0.019725
0.077301	0.019764
0.075073	0.019784
0.079041	0.019824
0.071106	0.019843
0.081070	0.019863
0.071503	0.019883
0.075775	0.019903
0.071808	0.019922
0.082397	0.019942
0.074860	0.019962
0.075470	0.020001
0.076492	0.020021
0.078934	0.020041
0.072830	0.020080
0.076904	0.020100
0.072113	0.020139
0.082794	0.020179
0.071609	0.020218
0.081177	0.020238
0.077515	0.020277
0.077911	0.020297
0.073441	0.020336
0.077301	0.020356
0.070282	0.020376
0.077408	0.020415
0.072632	0.020415
0.080872	0.020435
0.072418	0.020455
0.078430	0.020475
0.068665	0.020494
0.073029	0.020494
0.074356	0.020514
0.076080	0.020534
0.071915	0.020553
0.074768	0.020573
0.071411	0.020593
0.081985	0.020632
0.067337	0.020672
0.074554	0.020711
0.072327	0.020751
0.070190	0.020810
0.072632	0.020869
0.079346	0.020948
0.075470	0.021027
0.076187	0.021086
0.072418	0.021145
0.078827	0.021204
0.070694	0.021264
0.070999	0.021323
0.073242	0.021362
0.075073	0.021382
0.078522	0.021421
0.073746	0.021461
0.073746	0.021481
0.077911	0.021520
0.070587	0.021540
0.074768	0.021579
0.068451	0.021599
0.082291	0.021638
0.076492	0.021678
0.078522	0.021717
0.069061	0.021776
0.072830	0.021816
0.074860	0.021875
0.074463	0.021914
0.072021	0.021974
0.080658	0.022033
0.074554	0.022092
0.078217	0.022131
0.068665	0.022191
0.073135	0.022230
0.072830	0.022289
0.073944	0.022329
0.071304	0.022368
0.078735	0.022408
0.071915	0.022447
0.082397	0.022487
0.068665	0.022526
0.077209	0.022565
0.071411	0.022585
0.071503	0.022625
0.076492	0.022644
0.076797	0.022684
0.075272	0.022703
0.078827	0.022723
0.070496	0.022763
0.080658	0.022782
0.068665	0.022822
0.072937	0.022861
0.073746	0.022901
0.079651	0.022960
0.077301	0.022999
0.079544	0.023039
0.074249	0.023078
0.073746	0.023118
0.074051	0.023157
0.079849	0.023177
0.070282	0.023216
0.080353	0.023236
0.076797	0.023256
0.078125	0.023276
0.080261	0.023315
0.078934	0.023335
0.076187	0.023354
0.075882	0.023374
0.075470	0.023414
0.077103	0.023433
0.074158	0.023453
0.083618	0.023492
0.067947	0.023512
0.074463	0.023532
0.072830	0.023571
0.073746	0.023591
0.078217	0.023611
0.079651	0.023631
0.073029	0.023670
0.081268	0.023690
0.070282	0.023709
0.079239	0.023749
0.072021	0.023769
0.074356	0.023788
0.075073	0.023828
0.078018	0.023848
0.079651	0.023887
0.078629	0.023907
0.072632	0.023946
0.080765	0.023966
0.070190	0.024005
0.075073	0.024025
0.073029	0.024065
0.080460	0.024104
0.080048	0.024124
0.079346	0.024143
0.072021	0.024183
0.077515	0.024183
0.073029	0.024203
0.078018	0.024222
0.071808	0.024242
0.081268	0.024242
0.077209	0.024242
0.081375	0.024262
0.069275	0.024262
0.078018	0.024262
0.076294	0.024262
0.075989	0.024262
0.073135	0.024262
0.079956	0.024262
0.075165	0.024262
0.082397	0.024262
0.077209	0.024262
0.079132	0.024262
0.072220	0.024262
0.074356	0.024262
0.077408	0.024262
0.078125	0.024262
0.076492	0.024262
0.080353	0.024281
0.073135	0.024301
0.081177	0.024321
0.071503	0.024360
0.074860	0.024380
0.074463	0.024400
0.078827	0.024420
0.080765	0.024439
0.076187	0.024479
0.075577	0.024498
0.079437	0.024518
0.073242	0.024558
0.078934	0.024577
0.074661	0.024597
0.081985	0.024637
0.079132	0.024656
0.078217	0.024676
0.072021	0.024715
0.075775	0.024735
0.076996	0.024775
0.076691	0.024814
0.070801	0.024854
0.080460	0.024893
0.074661	0.024932
0.082596	0.024972
0.071198	0.025011
0.072525	0.025070
0.075073	0.025110
0.074768	0.025169
0.079742	0.025209
0.079346	0.025268
0.076599	0.025307
0.078934	0.025366
0.077820	0.025406
0.080765	0.025465
0.069778	0.025504
0.073746	0.025564
0.073135	0.025603
0.078827	0.025643
0.076492	0.025682
0.078217	0.025702
0.077713	0.025741
0.077515	0.025761
0.072220	0.025800
0.072525	0.025820
0.072327	0.025840
0.082092	0.025859
0.079346	0.025879
0.076691	0.025899
0.078430	0.025938
0.078323	0.025958
0.071716	0.025978
0.076080	0.026017
0.074768	0.026037
0.082794	0.026076
0.074463	0.026096
0.081070	0.026116
0.080765	0.026155
0.073853	0.026195
0.075073	0.026215
0.076599	0.026254
0.072113	0.026293
0.078430	0.026313
0.075775	0.026353
0.080154	0.026392
0.076797	0.026432
0.078934	0.026471
0.070892	0.026491
0.073441	0.026530
0.074966	0.026570
0.075470	0.026609
0.076599	0.026648
0.075684	0.026688
0.076904	0.026727
0.080566	0.026767
0.070190	0.026806
0.072723	0.026846
0.074554	0.026905
0.076996	0.026944
0.080261	0.027004
0.075577	0.027063
0.076385	0.027102
0.079544	0.027161
0.073441	0.027221
0.078522	0.027260
0.072021	0.027299
0.071106	0.027339
0.076691	0.027378
0.080048	0.027418
0.077301	0.027457
0.077606	0.027477
0.072937	0.027497
0.079239	0.027536
0.070282	0.027556
0.079437	0.027556
0.074966	0.027576
0.083099	0.027576
0.078125	0.027595
0.077301	0.027615
0.071503	0.027615
0.075470	0.027635
0.072830	0.027654
0.077301	0.027674
0.072937	0.027694
0.081680	0.027714
0.074860	0.027753
0.077408	0.027773
0.070999	0.027812
0.073441	0.027832
0.073242	0.027871
0.072525	0.027891
0.073334	0.027931
0.074051	0.027950
0.075073	0.027990
0.080658	0.028029
0.068665	0.028069
0.074554	0.028108
0.072021	0.028148
0.069061	0.028187
0.077515	0.028226
0.077911	0.028286
0.074768	0.028325
0.076187	0.028384
0.072021	0.028424
0.078522	0.028483
0.070389	0.028522
0.073334	0.028582
0.073135	0.028641
0.080261	0.028700
0.077606	0.028759
0.076492	0.028818
0.073853	0.028877
0.075165	0.028937
0.070496	0.028996
0.076080	0.029075
0.069580	0.029134
0.081268	0.029213
0.075989	0.029292
0.074966	0.029351
0.078735	0.029430
0.075165	0.029489
0.074463	0.029568
0.069580	0.029647
0.073944	0.029706
0.076996	0.029785
0.074249	0.029864
0.078827	0.029923
0.069061	0.030002
0.076080	0.030061
0.068359	0.030120
0.072327	0.030179
0.074966	0.030238
0.073853	0.030278
0.074158	0.030337
0.077713	0.030377
0.070084	0.030436
0.077209	0.030495
0.068146	0.030534
0.070999	0.030593
0.075378	0.030653
0.074966	0.030712
0.075470	0.030791
0.074158	0.030850
0.072723	0.030909
0.077515	0.030988
0.068665	0.031047
0.073639	0.031106
0.071411	0.031166
0.080353	0.031225
0.077515	0.031264
0.072021	0.031304
0.078217	0.031343
0.074966	0.031382
0.073746	0.031422
0.072418	0.031442
0.072113	0.031481
0.078125	0.031501
0.072113	0.031540
0.078323	0.031560
0.078735	0.031599
0.072113	0.031619
0.072830	0.031678
0.068558	0.031718
0.074249	0.031757
0.074966	0.031816
0.069275	0.031856
0.079132	0.031915
0.072937	0.031974
0.076187	0.032053
0.066315	0.032112
0.070892	0.032171
0.073334	0.032231
0.074463	0.032290
0.073746	0.032349
0.073853	0.032388
0.072418	0.032467
0.077103	0.032507
0.067032	0.032566
0.071716	0.032645
0.071503	0.032744
0.075073	0.032822
0.077408	0.032901
0.072220	0.032960
0.075470	0.033039
0.071106	0.033099
0.070190	0.033158
0.074860	0.033217
0.071411	0.033256
0.077301	0.033316
0.073334	0.033355
0.076691	0.033394
0.079239	0.033434
0.069672	0.033454
0.073334	0.033493
0.072418	0.033513
0.069168	0.033552
0.076492	0.033572
0.071808	0.033611
0.077713	0.033651
0.077209	0.033690
0.072830	0.033749
0.068970	0.033789
0.069580	0.033848
0.073242	0.033907
0.069473	0.033966
0.070801	0.034026
0.076599	0.034085
0.071915	0.034144
0.077713	0.034203
0.067337	0.034262
0.068665	0.034322
0.070496	0.034361
0.066833	0.034420
0.075378	0.034460
0.072113	0.034519
0.071411	0.034558
0.076599	0.034598
0.067841	0.034637
0.074768	0.034696
0.069275	0.034736
0.068359	0.034775
0.071411	0.034834
0.074158	0.034874
0.076294	0.034913
0.074463	0.034933
0.071808	0.034972
0.071915	0.035012
0.069061	0.035032
0.071609	0.035051
0.067642	0.035091
0.079041	0.035111
0.078018	0.035130
0.072327	0.035150
0.075684	0.035189
0.072632	0.035209
0.070496	0.035229
0.073334	0.035249
0.070999	0.035268
0.078217	0.035288
0.070999	0.035327
0.074249	0.035347
0.078217	0.035367
0.072830	0.035406
0.072632	0.035426
0.069580	0.035466
0.069168	0.035505
0.074860	0.035544
0.073547	0.035604
0.075775	0.035643
0.074158	0.035683
0.074966	0.035742
0.069168	0.035781
0.068253	0.035821
0.074860	0.035860
0.068756	0.035900
0.071915	0.035939
0.072220	0.035959
0.074661	0.035998
0.073944	0.036038
0.070084	0.036077
0.069778	0.036097
0.070190	0.036136
0.067947	0.036156
0.075577	0.036195
0.072113	0.036235
0.074860	0.036274
0.073746	0.036314
0.070389	0.036333
0.074158	0.036373
0.068863	0.036412
0.069168	0.036452
0.074768	0.036491
0.078629	0.036531
0.076996	0.036550
0.072937	0.036570
0.074768	0.036590
0.073334	0.036610
0.070190	0.036629
0.072937	0.036649
0.071411	0.036649
0.079041	0.036669
0.073242	0.036689
0.071609	0.036708
0.079849	0.036748
0.069778	0.036767
0.074356	0.036807
0.071915	0.036846
0.072632	0.036905
0.074356	0.036965
0.071915	0.037024
0.079346	0.037083
0.079239	0.037162
0.068970	0.037241
0.071304	0.037300
0.066833	0.037379
0.076797	0.037458
0.075165	0.037537
0.070694	0.037596
0.076385	0.037675
0.075882	0.037734
0.074356	0.037793
0.070282	0.037852
0.069473	0.037911
0.073029	0.037990
0.077301	0.038030
0.073944	0.038089
0.074249	0.038168
0.072937	0.038227
0.077606	0.038286
0.067642	0.038345
0.071716	0.038424
0.073441	0.038483
0.080566	0.038562
0.076599	0.038641
0.073334	0.038720
0.077713	0.038799
0.073639	0.038878
0.072723	0.038957
0.075684	0.039036
0.072525	0.039115
0.078430	0.039194
0.076691	0.039272
0.079742	0.039332
0.081680	0.039411
0.073547	0.039470
0.073746	0.039529
0.073242	0.039608
0.076385	0.039667
0.075272	0.039726
0.073853	0.039785
0.079544	0.039845
0.078735	0.039904
0.078430	0.039943
0.069061	0.040002
0.075775	0.040061
0.079346	0.040101
0.071808	0.040160
0.073639	0.040200
0.077408	0.040239
0.078735	0.040298
0.080048	0.040338
0.073944	0.040397
0.076492	0.040436
0.076797	0.040495
0.072220	0.040555
0.082092	0.040614
0.079742	0.040673
0.079132	0.040732
0.080963	0.040791
0.076080	0.040850
0.081879	0.040890
0.075470	0.040949
0.076187	0.041008
0.078934	0.041067
0.081573	0.041107
0.086563	0.041166
0.078217	0.041225
0.080872	0.041284
0.081482	0.041344
0.080963	0.041403
0.076797	0.041462
0.081985	0.041521
0.085648	0.041580
0.087479	0.041639
0.082489	0.041699
0.079346	0.041758
0.078735	0.041797
0.086060	0.041856
0.082092	0.041916
0.082901	0.041975
0.088287	0.042034
0.087891	0.042093
0.086151	0.042152
0.081879	0.042212
0.080872	0.042271
0.086151	0.042310
0.081177	0.042369
0.088501	0.042428
0.088699	0.042488
0.089615	0.042527
0.089722	0.042586
0.084427	0.042626
0.083313	0.042665
0.088287	0.042705
0.083313	0.042764
0.093781	0.042803
0.089005	0.042843
0.091446	0.042882
0.090118	0.042922
0.089111	0.042941
0.090027	0.042961
0.089203	0.043001
0.092773	0.043020
0.092056	0.043020
0.087479	0.043040
0.096939	0.043040
0.087677	0.043040
0.089508	0.043060
0.087280	0.043060
0.090729	0.043079
0.088898	0.043079
0.090729	0.043099
0.090530	0.043119
0.096527	0.043139
0.087784	0.043158
0.086365	0.043178
0.085449	0.043198
0.094086	0.043217
0.090942	0.043217
0.090942	0.043237
0.090530	0.043257
0.093384	0.043277
0.088394	0.043277
0.087982	0.043296
0.084122	0.043316
0.094086	0.043336
0.091751	0.043336
0.093887	0.043356
0.090637	0.043395
0.088898	0.043415
0.091446	0.043434
0.087067	0.043474
0.088089	0.043513
0.087479	0.043553
0.095917	0.043592
0.094910	0.043632
0.089722	0.043671
0.088898	0.043711
0.088287	0.043750
0.090027	0.043790
0.090225	0.043829
0.092163	0.043888
0.093994	0.043928
0.092773	0.043987
0.088898	0.044046
0.090027	0.044085
0.088501	0.044145
0.095413	0.044184
0.089203	0.044243
0.092560	0.044283
0.094193	0.044322
0.094299	0.044362
0.093170	0.044401
0.086670	0.044440
0.090027	0.044480
0.091644	0.044519
0.087891	0.044559
0.099075	0.044598
0.092255	0.044638
0.096222	0.044677
0.092255	0.044717
0.091949	0.044756
0.095108	0.044795
0.091553	0.044835
0.090729	0.044874
0.096024	0.044914
0.096527	0.044953
0.097855	0.044973
0.091248	0.045012
0.098969	0.045032
0.093384	0.045072
0.091949	0.045091
0.092255	0.045131
0.093582	0.045151
0.097855	0.045190
0.096130	0.045210
0.092865	0.045249
0.10162	0.045289
0.091141	0.045328
0.098267	0.045348
0.094604	0.045387
0.095825	0.045407
0.099884	0.045427
0.093277	0.045446
0.099274	0.045466
0.10080	0.045466
0.091446	0.045486
0.092972	0.045506
0.089005	0.045506
0.099686	0.045525
0.094193	0.045545
0.092865	0.045565
0.099686	0.045565
0.098969	0.045584
0.099274	0.045604
0.091858	0.045624
0.091446	0.045644
0.096741	0.045663
0.088898	0.045683
0.095917	0.045703
0.094299	0.045723
0.097046	0.045742
0.098770	0.045762
0.090530	0.045782
0.091949	0.045801
0.094086	0.045821
0.089920	0.045861
0.098358	0.045880
0.096329	0.045920
0.10010	0.045959
0.094193	0.045999
0.097748	0.046058
0.095718	0.046117
0.092056	0.046176
0.088394	0.046235
0.097443	0.046295
0.099075	0.046373
0.10304	0.046433
0.096024	0.046512
0.099274	0.046571
0.094910	0.046650
0.095520	0.046709
0.096329	0.046788
0.097351	0.046867
0.10263	0.046926
0.099991	0.046985
0.10110	0.047044
0.10202	0.047123
0.097351	0.047182
0.098267	0.047241
0.095306	0.047301
0.097351	0.047360
0.095001	0.047399
0.098770	0.047458
0.10426	0.047518
0.10110	0.047557
0.099472	0.047596
0.10345	0.047636
0.095718	0.047675
0.10193	0.047715
0.095520	0.047754
0.10274	0.047794
0.099182	0.047833
0.10049	0.047873
0.10315	0.047912
0.10141	0.047951
0.10060	0.047991
0.10538	0.048030
0.098053	0.048070
0.10243	0.048129
0.097046	0.048168
0.10457	0.048208
0.099686	0.048267
0.10193	0.048307
0.10599	0.048346
0.10193	0.048385
0.10487	0.048425
0.10620	0.048464
0.098969	0.048484
0.10110	0.048524
0.099884	0.048543
0.10477	0.048563
0.10162	0.048583
0.10049	0.048602
0.10498	0.048622
0.10252	0.048622
0.10568	0.048622
0.10773	0.048681
0.10162	0.048760
0.10172	0.048839
0.095413	0.048898
0.10365	0.048977
0.098877	0.049076
0.10071	0.049174
0.098877	0.049273
0.10141	0.049352
0.10629	0.049431
0.10335	0.049510
0.10202	0.049589
0.10710	0.049668
0.096222	0.049746
0.10487	0.049806
0.098969	0.049885
0.10100	0.049944
0.098053	0.050003
0.10172	0.050042
0.10609	0.050082
0.10568	0.050141
0.10182	0.050180
0.10651	0.050220
0.096024	0.050279
0.10457	0.050318
0.097244	0.050378
0.10284	0.050437
0.099686	0.050516
0.10132	0.050575
0.10376	0.050654
0.10446	0.050713
0.10091	0.050792
0.10773	0.050851
0.097656	0.050930
0.099792	0.050989
0.095108	0.051048
0.10010	0.051088
0.097443	0.051147
0.10263	0.051186
0.10324	0.051246
0.10172	0.051285
0.098267	0.051305
0.10446	0.051324
0.094498	0.051344
0.10141	0.051364
0.096832	0.051384
0.10080	0.051384
0.098877	0.051403
0.10091	0.051403
0.10202	0.051403
0.10233	0.051423
0.097443	0.051443
0.093689	0.051463
0.092468	0.051482
0.10193	0.051502
0.093475	0.051522
0.10010	0.051541
0.099686	0.051561
0.099686	0.051601
0.099884	0.051640
0.10141	0.051660
0.096832	0.051699
0.096939	0.051758
0.090942	0.051798
0.10100	0.051857
0.093689	0.051896
0.10152	0.051956
0.097549	0.051995
0.097748	0.052035
0.099792	0.052094
0.10071	0.052153
0.094604	0.052192
0.096024	0.052232
0.091751	0.052271
0.098770	0.052311
0.090836	0.052330
0.099380	0.052370
0.094193	0.052390
0.098969	0.052409
0.095612	0.052429
0.094193	0.052429
0.091949	0.052449
0.093994	0.052488
0.090637	0.052508
0.10233	0.052547
0.097244	0.052587
0.096527	0.052646
0.094391	0.052685
0.092773	0.052725
0.094696	0.052745
0.096329	0.052764
0.089813	0.052804
0.095001	0.052804
0.094193	0.052824
0.10121	0.052824
0.090530	0.052843
0.097748	0.052863
0.092163	0.052883
0.095917	0.052902
0.092468	0.052942
0.092667	0.052981
0.099686	0.053041
0.10049	0.053100
0.093079	0.053159
0.10071	0.053238
0.088287	0.053317
0.095413	0.053396
0.090027	0.053474
0.092972	0.053573
0.091446	0.053652
0.094604	0.053731
0.096634	0.053810
0.095108	0.053908
0.087982	0.053987
0.090332	0.054066
0.085953	0.054145
0.094910	0.054224
0.089722	0.054303
0.091644	0.054382
0.088593	0.054461
0.092255	0.054540
0.085037	0.054638
0.088806	0.054737
0.081482	0.054836
0.092865	0.054934
0.086151	0.055033
0.087677	0.055131
0.084229	0.055250
0.084229	0.055329
0.085342	0.055427
0.084534	0.055526
0.079132	0.055625
0.088394	0.055723
0.085541	0.055822
0.092468	0.055901
0.082092	0.055999
0.085754	0.056078
0.080048	0.056177
0.085236	0.056256
0.082794	0.056354
0.084427	0.056433
0.085541	0.056512
0.085648	0.056591
0.078629	0.056690
0.082291	0.056769
0.075577	0.056847
0.086761	0.056946
0.079956	0.057025
0.083206	0.057104
0.080566	0.057183
0.081268	0.057262
0.079849	0.057360
0.079437	0.057419
0.074051	0.057498
0.079544	0.057577
0.071106	0.057636
0.084320	0.057696
0.075882	0.057755
0.081375	0.057814
0.075775	0.057873
0.075577	0.057932
0.075775	0.057972
0.078629	0.058011
0.068253	0.058070
0.080658	0.058110
0.073746	0.058169
0.081375	0.058228
0.072113	0.058268
0.075378	0.058327
0.073547	0.058366
0.076294	0.058406
0.070694	0.058445
0.074463	0.058504
0.078827	0.058544
0.079041	0.058583
0.071411	0.058623
0.075775	0.058662
0.068359	0.058702
0.078827	0.058741
0.069168	0.058800
0.074463	0.058840
0.074768	0.058879
0.076797	0.058919
0.070389	0.058958
0.070587	0.058997
0.069168	0.059017
0.076187	0.059057
0.067947	0.059076
0.076492	0.059116
0.073242	0.059136
0.075775	0.059155
0.069778	0.059195
0.070084	0.059214
0.068665	0.059234
0.071915	0.059254
0.067139	0.059274
0.076187	0.059293
0.071106	0.059313
0.076492	0.059333
0.069580	0.059353
0.072220	0.059372
0.070084	0.059412
0.071106	0.059451
0.064789	0.059471
0.073135	0.059510
0.072113	0.059550
0.078827	0.059570
0.066833	0.059589
0.074356	0.059609
0.066422	0.059668
0.068970	0.059688
0.070282	0.059727
0.073746	0.059767
0.074249	0.059786
0.072327	0.059826
0.070496	0.059865
0.076691	0.059885
0.064484	0.059925
0.072220	0.059964
0.068558	0.059984
0.069366	0.060023
0.071503	0.060063
0.073029	0.060102
0.070892	0.060142
0.077103	0.060161
0.067230	0.060201
0.072525	0.060240
0.063171	0.060280
0.077103	0.060319
0.070801	0.060359
0.072632	0.060398
0.069778	0.060437
0.073029	0.060477
0.069977	0.060516
0.067841	0.060556
0.066620	0.060595
0.072723	0.060635
0.070587	0.060674
0.076492	0.060714
0.066620	0.060753
0.072220	0.060792
0.071106	0.060832
0.068253	0.060871
0.067642	0.060911
0.069580	0.060950
0.074768	0.060990
0.076691	0.061029
0.069275	0.061069
0.075775	0.061128
0.066223	0.061167
0.075073	0.061226
0.069580	0.061266
0.070587	0.061325
0.073944	0.061364
0.074661	0.061424
0.072220	0.061483
0.079346	0.061522
0.067947	0.061581
0.076599	0.061641
0.065399	0.061700
0.077515	0.061739
0.069580	0.061779
0.077408	0.061838
0.073441	0.061877
0.074249	0.061917
0.070587	0.061956
0.074463	0.061996
0.066925	0.062035
0.079132	0.062075
0.071716	0.062114
0.075378	0.062153
0.072327	0.062193
0.075989	0.062213
0.074356	0.062252
0.075989	0.062292
0.068253	0.062311
0.078323	0.062351
0.074051	0.062370
0.082901	0.062390
0.074356	0.062410
0.078018	0.062430
0.073547	0.062449
0.076599	0.062469
0.072327	0.062489
0.077911	0.062528
0.080353	0.062548
0.078522	0.062568
0.075577	0.062587
0.081879	0.062607
0.071411	0.062627
0.082901	0.062647
0.072937	0.062647
0.081268	0.062666
0.076996	0.062686
0.079956	0.062686
0.078430	0.062706
0.082184	0.062706
0.072021	0.062726
0.079956	0.062726
0.072723	0.062726
0.080658	0.062745
0.077408	0.062765
0.081573	0.062765
0.077209	0.062785
0.081985	0.062824
0.073135	0.062844
0.079742	0.062883
0.071106	0.062923
0.084625	0.062942
0.076904	0.062982
0.084930	0.063021
0.075165	0.063061
0.078629	0.063100
0.079742	0.063159
0.081985	0.063199
0.077713	0.063238
0.083313	0.063278
0.082092	0.063337
0.088089	0.063376
0.080154	0.063436
0.087067	0.063495
0.077103	0.063554
0.085754	0.063593
0.085342	0.063653
0.086563	0.063712
0.084122	0.063771
0.092865	0.063830
0.081482	0.063870
0.086258	0.063929
0.082092	0.063988
0.092255	0.064047
0.085541	0.064106
0.089508	0.064165
0.087982	0.064225
0.090836	0.064284
0.090118	0.064343
0.090729	0.064402
0.085144	0.064461
0.097351	0.064520
0.085449	0.064580
0.099380	0.064639
0.090118	0.064698
0.097137	0.064757
0.094910	0.064797
0.092972	0.064856
0.094193	0.064915
0.096634	0.064954
0.091751	0.065014
0.10304	0.065053
0.094696	0.065093
0.10274	0.065132
0.092865	0.065171
0.10294	0.065231
0.10040	0.065270
0.10324	0.065329
0.099075	0.065369
0.10426	0.065408
0.096436	0.065467
0.10986	0.065507
0.10376	0.065566
0.11006	0.065605
0.10304	0.065665
0.10925	0.065704
0.10233	0.065743
0.10956	0.065783
0.10925	0.065822
0.11230	0.065862
0.10263	0.065901
0.11353	0.065941
0.10895	0.065980
0.12146	0.066020
0.11179	0.066059
0.11647	0.066098
0.11098	0.066118
0.11810	0.066158
0.11617	0.066177
0.11555	0.066217
0.11292	0.066237
0.11902	0.066276
0.10843	0.066296
0.12318	0.066315
0.11464	0.066335
0.12471	0.066355
0.11728	0.066394
0.12360	0.066414
0.11800	0.066434
0.11850	0.066454
0.11778	0.066473
0.12268	0.066493
0.12003	0.066513
0.13315	0.066552
0.11942	0.066572
0.12726	0.066592
0.11983	0.066611
0.12868	0.066651
0.12329	0.066749
0.12827	0.066828
0.12491	0.066907
0.12959	0.066947
0.12552	0.067026
0.13539	0.067085
0.12888	0.067144
0.13580	0.067223
0.13193	0.067282
0.13773	0.067361
0.13458	0.067440
0.14383	0.067499
0.13539	0.067578
0.14038	0.067657
0.13925	0.067736
0.14993	0.067795
0.14047	0.067854
0.15106	0.067893
0.14597	0.067953
0.15512	0.068012
0.14984	0.068071
0.15909	0.068110
0.15717	0.068170
0.15900	0.068209
0.15442	0.068249
0.16458	0.068308
0.15431	0.068367
0.16937	0.068406
0.16225	0.068465
0.16428	0.068505
0.16397	0.068564
0.16713	0.068604
0.16621	0.068663
0.16957	0.068702
0.16754	0.068761
0.17537	0.068801
0.16968	0.068821
0.17476	0.068860
0.17090	0.068880
0.17720	0.068899
0.17323	0.068919
0.17731	0.068939
0.17140	0.068939
0.17831	0.068959
0.17110	0.068959
0.18250	0.068978
0.17365	0.068978
0.17995	0.068998
0.17282	0.069018
0.17618	0.069038
0.17598	0.069077
0.17944	0.069116
0.17273	0.069156
0.17781	0.069195
0.17526	0.069235
0.19063	0.069274
0.18228	0.069314
0.18666	0.069353
0.17984	0.069412
0.19510	0.069452
0.18442	0.069491
0.18747	0.069531
0.18677	0.069590
0.19623	0.069649
0.19287	0.069708
0.19826	0.069748
0.18829	0.069807
0.20222	0.069886
0.19662	0.069945
0.20242	0.070024
0.19887	0.070083
0.20741	0.070162
0.20447	0.070221
0.21210	0.070280
0.20792	0.070359
0.21768	0.070438
0.21718	0.070517
0.22675	0.070596
0.21687	0.070675
0.23152	0.070754
0.22461	0.070832
0.22878	0.070911
0.23468	0.070971
0.23904	0.071049
0.23824	0.071128
0.24872	0.071188
0.24139	0.071247
0.25674	0.071326
0.24831	0.071385
0.26051	0.071444
0.25471	0.071523
0.25899	0.071582
0.26285	0.071641
0.26479	0.071700
0.26265	0.071740
0.27486	0.071799
0.26520	0.071838
0.27200	0.071878
0.26245	0.071898
0.27689	0.071937
0.26611	0.071957
0.27475	0.071996
0.26967	0.072016
0.27771	0.072055
0.28015	0.072095
0.27760	0.072134
0.27771	0.072194
0.29114	0.072233
0.27486	0.072272
0.28940	0.072312
0.27924	0.072351
0.28787	0.072391
0.28554	0.072450
0.29306	0.072489
0.29184	0.072509
0.29897	0.072549
0.29306	0.072588
0.30243	0.072627
0.29419	0.072667
0.29825	0.072687
0.29541	0.072726
0.30293	0.072766
0.30283	0.072805
0.30710	0.072844
0.30710	0.072884
0.31015	0.072923
0.30640	0.072963
0.32135	0.073002
0.31778	0.073042
0.32185	0.073081
0.31686	0.073121
0.32277	0.073180
0.32379	0.073219
0.32654	0.073278
0.33121	0.073318
0.33650	0.073377
0.33081	0.073436
0.34779	0.073495
0.34097	0.073555
0.35359	0.073633
0.34464	0.073693
0.35481	0.073752
0.35298	0.073831
0.36244	0.073890
0.36000	0.073949
0.36652	0.074008
0.36386	0.074067
0.37476	0.074127
0.37648	0.074186
0.38727	0.074245
0.37668	0.074284
0.39052	0.074344
0.38696	0.074403
0.38666	0.074462
0.39154	0.074501
0.39804	0.074561
0.39459	0.074620
0.40353	0.074679
0.40364	0.074738
0.41687	0.074777
0.40181	0.074837
0.41951	0.074896
0.41544	0.074955
0.42358	0.075034
0.41971	0.075093
0.42856	0.075152
0.43314	0.075211
0.43507	0.075271
0.43253	0.075330
0.44922	0.075389
0.43436	0.075448
0.44789	0.075488
0.44281	0.075547
0.45349	0.075586
0.45461	0.075645
0.45938	0.075685
0.45308	0.075724
0.46753	0.075783
0.46507	0.075823
0.47006	0.075882
0.46753	0.075922
0.47913	0.075981
0.47749	0.076020
0.47556	0.076060
0.48065	0.076099
0.48643	0.076158
0.48837	0.076198
0.50140	0.076257
0.49225	0.076296
0.50038	0.076355
0.47495	0.076415
0.49814	0.076454
0.49916	0.076513
0.49702	0.076553
0.49591	0.076592
0.49977	0.076651
0.50027	0.076691
0.50119	0.076730
0.51086	0.076770
0.51880	0.076789
0.50374	0.076849
0.51797	0.076888
0.50821	0.076908
0.51819	0.076947
0.51736	0.076987
0.51869	0.077026
0.51289	0.077066
0.52744	0.077085
0.51747	0.077125
0.52408	0.077144
0.51117	0.077164
0.53476	0.077184
0.52429	0.077204
0.52835	0.077243
0.52744	0.077263
0.53059	0.077283
0.52419	0.077302
0.53476	0.077322
0.52002	0.077342
0.53802	0.077361
0.52480	0.077361
0.53720	0.077381
0.52571	0.077401
0.53761	0.077401
0.53049	0.077421
0.53955	0.077421
0.53273	0.077440
0.53314	0.077440
0.52602	0.077440
0.54138	0.077460
0.54422	0.077460
0.54483	0.077460
0.53894	0.077460
0.54138	0.077460
0.52754	0.077480
0.53986	0.077480
0.54718	0.077500
0.54718	0.077519
0.54585	0.077539
0.54494	0.077578
0.54443	0.077598
0.54291	0.077618
0.55185	0.077657
0.53964	0.077677
0.55440	0.077717
0.55032	0.077736
0.55592	0.077756
0.54504	0.077795
0.53476	0.077835
0.54453	0.077855
0.54483	0.077894
0.55328	0.077933
0.55603	0.077973
0.55898	0.078032
0.54849	0.078072
0.57159	0.078111
0.55867	0.078170
0.56203	0.078210
0.56854	0.078249
0.57362	0.078289
0.56477	0.078348
0.57423	0.078387
0.56863	0.078427
0.58908	0.078486
0.58186	0.078525
0.58075	0.078565
0.58023	0.078624
0.59387	0.078663
0.58400	0.078703
0.59326	0.078742
0.58725	0.078782
0.60007	0.078821
0.58908	0.078861
0.60333	0.078900
0.59254	0.078920
0.60373	0.078959
0.60699	0.078999
0.60059	0.079038
0.60150	0.079078
0.61005	0.079117
0.60577	0.079156
0.61737	0.079196
0.59967	0.079235
0.62123	0.079275
0.61441	0.079334
0.62642	0.079373
0.62032	0.079413
0.61543	0.079472
0.62265	0.079511
0.63791	0.079551
0.62134	0.079590
0.62357	0.079630
0.61899	0.079669
0.63416	0.079689
0.63130	0.079728
0.64148	0.079768
0.63710	0.079788
0.64056	0.079807
0.63660	0.079847
0.63660	0.079867
0.63211	0.079886
0.64432	0.079926
0.63690	0.079945
0.63791	0.079965
0.64778	0.079985
0.64880	0.080005
0.63324	0.080024
0.64168	0.080044
0.63618	0.080083
0.64575	0.080103
0.64992	0.080123
0.65063	0.080143
0.64026	0.080182
0.65103	0.080202
0.64362	0.080222
0.65602	0.080261
0.64798	0.080300
0.65408	0.080320
0.65195	0.080340
0.65846	0.080379
0.64331	0.080419
0.65541	0.080458
0.64645	0.080498
0.66354	0.080537
0.65450	0.080577
0.66690	0.080616
0.65948	0.080675
0.66711	0.080715
0.66415	0.080754
0.66853	0.080794
0.66110	0.080853
0.67505	0.080912
0.66273	0.080971
0.67189	0.081030
0.66792	0.081089
0.68268	0.081149
0.67708	0.081208
0.68002	0.081287
0.68024	0.081346
0.68909	0.081385
0.68867	0.081445
0.69040	0.081504
0.68440	0.081543
0.69244	0.081583
0.68726	0.081622
0.69427	0.081642
0.69009	0.081661
0.69946	0.081701
0.69772	0.081721
0.69742	0.081760
0.69264	0.081780
0.69986	0.081819
0.69458	0.081839
0.70404	0.081878
0.69650	0.081918
0.70393	0.081957
0.69417	0.081997
0.70302	0.082036
0.70108	0.082076
0.70932	0.082135
0.69559	0.082174
0.70668	0.082214
0.69508	0.082253
0.70749	0.082293
0.72163	0.082332
0.71716	0.082391
0.70779	0.082411
0.71695	0.082470
0.71115	0.082510
0.72388	0.082549
0.71533	0.082608
0.73221	0.082648
0.71889	0.082687
0.72896	0.082727
0.71736	0.082786
0.72702	0.082825
0.72469	0.082884
0.72987	0.082924
0.72987	0.082983
0.72804	0.083023
0.71889	0.083082
0.72560	0.083141
0.72397	0.083200
0.73445	0.083259
0.72540	0.083299
0.73201	0.083338
0.72479	0.083397
0.73537	0.083437
0.73099	0.083476
0.73212	0.083516
0.73140	0.083555
0.73770	0.083595
0.72896	0.083614
0.74605	0.083634
0.73068	0.083673
0.74097	0.083693
0.73221	0.083713
0.74380	0.083733
0.74097	0.083772
0.74310	0.083792
0.73282	0.083831
0.74391	0.083851
0.73628	0.083890
0.73120	0.083930
0.73994	0.083950
0.74391	0.083989
0.74228	0.084009
0.74106	0.084048
0.73853	0.084068
0.74646	0.084088
0.75409	0.084127
0.74686	0.084127
0.74005	0.084147
0.75571	0.084167
0.73903	0.084186
0.75562	0.084206
0.74178	0.084226
0.75266	0.084245
0.74757	0.084265
0.74869	0.084285
0.75043	0.084305
0.74899	0.084324
0.74655	0.084344
0.75185	0.084364
0.74188	0.084403
0.75795	0.084443
0.74686	0.084462
0.75612	0.084502
0.75002	0.084561
0.74940	0.084601
0.75204	0.084660
0.75531	0.084699
0.74982	0.084758
0.76089	0.084798
0.75409	0.084857
0.76630	0.084896
0.75276	0.084936
0.75978	0.084956
0.75500	0.084975
0.76172	0.084995
0.75867	0.084995
0.76630	0.085015
0.76303	0.085015
0.75967	0.085015
0.74483	0.085015
0.76314	0.085015
0.75815	0.085015
0.77046	0.085015
0.75906	0.085015
0.75185	0.085054
0.75775	0.085133
0.76050	0.085232
0.76385	0.085330
0.76924	0.085409
0.74829	0.085468
0.77249	0.085528
0.76050	0.085587
0.77260	0.085666
0.76181	0.085725
0.78043	0.085764
0.77992	0.085804
0.78226	0.085843
0.77271	0.085883
0.78653	0.085922
0.79172	0.085981
0.79843	0.086021
0.78694	0.086060
0.79926	0.086080
0.78938	0.086119
0.80017	0.086159
0.79660	0.086198
0.79263	0.086238
0.79884	0.086257
0.80148	0.086297
0.79834	0.086336
0.80750	0.086376
0.80148	0.086415
0.80536	0.086455
0.79498	0.086474
0.80423	0.086494
0.80606	0.086514
0.80484	0.086534
0.80351	0.086553
0.81339	0.086553
0.80067	0.086553
0.80495	0.086553
0.80750	0.086553
0.81094	0.086553
0.80362	0.086553
0.81105	0.086553
0.80902	0.086553
0.81094	0.086553
0.80199	0.086553
0.80750	0.086553
0.80434	0.086553
0.79182	0.086553
0.80627	0.086553
0.80281	0.086553
0.79671	0.086553
0.79813	0.086553
0.80656	0.086553
0.81419	0.086553
0.80556	0.086573
0.81360	0.086593
0.80617	0.086612
0.80922	0.086652
0.80170	0.086691
0.80464	0.086731
0.79884	0.086790
0.80231	0.086849
0.78775	0.086908
0.79935	0.086968
0.79152	0.087046
0.79111	0.087106
0.77992	0.087184
0.78806	0.087244
0.76955	0.087303
0.77484	0.087342
0.76741	0.087382
0.78114	0.087441
0.77077	0.087461
0.77229	0.087500
0.76436	0.087540
0.76375	0.087579
0.74727	0.087618
0.76660	0.087678
0.75470	0.087717
0.76355	0.087776
0.74788	0.087816
0.76080	0.087855
0.75113	0.087914
0.75357	0.087973
0.75195	0.088013
0.76089	0.088072
0.74860	0.088112
0.76486	0.088171
0.74625	0.088210
0.76039	0.088269
0.74757	0.088309
0.75418	0.088348
0.73933	0.088388
0.74127	0.088447
0.74493	0.088486
0.74747	0.088526
0.74158	0.088585
0.75113	0.088644
0.73761	0.088703
0.73984	0.088743
0.73872	0.088802
0.74747	0.088861
0.74106	0.088940
0.74127	0.088999
0.74127	0.089058
0.73567	0.089118
0.73120	0.089177
0.74310	0.089236
0.73242	0.089295
0.74452	0.089354
0.72713	0.089413
0.73364	0.089473
0.72876	0.089512
0.73557	0.089571
0.73404	0.089611
0.73495	0.089650
0.72571	0.089709
0.72835	0.089749
0.72794	0.089788
0.73232	0.089808
0.72031	0.089847
0.72946	0.089887
0.72144	0.089926
0.73099	0.089966
0.72804	0.090005
0.72560	0.090045
0.71878	0.090064
0.72804	0.090104
0.72427	0.090143
0.73140	0.090183
0.72316	0.090222
0.72926	0.090262
0.72723	0.090321
0.71930	0.090360
0.71848	0.090380
0.72641	0.090419
0.71960	0.090459
0.72113	0.090498
0.71594	0.090518
0.72632	0.090557
0.71420	0.090597
0.72530	0.090636
0.71695	0.090676
0.72000	0.090696
0.71686	0.090735
0.71664	0.090774
0.71634	0.090794
0.71584	0.090834
0.70668	0.090873
0.71309	0.090893
0.70657	0.090932
0.71237	0.090952
0.70413	0.090991
0.70271	0.091011
0.70587	0.091031
0.71024	0.091070
0.70302	0.091090
0.70657	0.091110
0.70190	0.091149
0.71390	0.091169
0.69650	0.091208
0.70160	0.091228
0.69000	0.091248
0.69702	0.091287
0.69142	0.091307
0.69244	0.091346
0.69203	0.091366
0.69234	0.091406
0.68634	0.091445
0.68909	0.091485
0.67789	0.091524
0.69061	0.091563
0.67902	0.091623
0.68002	0.091662
0.67738	0.091702
0.67708	0.091761
0.67067	0.091800
0.67220	0.091859
0.66934	0.091899
0.67474	0.091938
0.66345	0.091978
0.66762	0.092037
0.65979	0.092057
0.67097	0.092096
0.66132	0.092135
0.66446	0.092155
0.65907	0.092195
0.66315	0.092214
0.65927	0.092254
0.66629	0.092274
0.65369	0.092293
0.66609	0.092333
0.64951	0.092352
0.65643	0.092392
0.64931	0.092412
0.65094	0.092451
0.65552	0.092491
0.65430	0.092530
0.64890	0.092569
0.65225	0.092609
0.64331	0.092648
0.65002	0.092688
0.64728	0.092727
0.64972	0.092767
0.63680	0.092826
0.64066	0.092865
0.63405	0.092905
0.63516	0.092964
0.63618	0.093003
0.64015	0.093043
0.62540	0.093082
0.63425	0.093102
0.62550	0.093141
0.63618	0.093181
0.62836	0.093220
0.62753	0.093260
0.62245	0.093280
0.62204	0.093319
0.61920	0.093358
0.62398	0.093398
0.61360	0.093418
0.62042	0.093457
0.60709	0.093496
0.61584	0.093516
0.60373	0.093556
0.61218	0.093575
0.60883	0.093615
0.60770	0.093635
0.60078	0.093674
0.60638	0.093694
0.60211	0.093713
0.60739	0.093753
0.59387	0.093792
0.60292	0.093812
0.58980	0.093852
0.59579	0.093891
0.59122	0.093911
0.59204	0.093950
0.58736	0.093990
0.59193	0.094009
0.58176	0.094049
0.59102	0.094069
0.58553	0.094088
0.59335	0.094128
0.58228	0.094167
0.58614	0.094187
0.58145	0.094207
0.58369	0.094246
0.58115	0.094266
0.57942	0.094305
0.57138	0.094325
0.58186	0.094345
0.56813	0.094384
0.57413	0.094404
0.57007	0.094443
0.57230	0.094483
0.56905	0.094522
0.57068	0.094542
0.56680	0.094581
0.57016	0.094621
0.56192	0.094641
0.56660	0.094680
0.55917	0.094700
0.57007	0.094719
0.55664	0.094739
0.55989	0.094759
0.55612	0.094759
0.56009	0.094779
0.55562	0.094779
0.55969	0.094779
0.55603	0.094798
0.55978	0.094798
0.55481	0.094798
0.56020	0.094818
0.55399	0.094818
0.56244	0.094818
0.55856	0.094838
0.55745	0.094858
0.55399	0.094858
0.55887	0.094877
0.55063	0.094917
0.55592	0.094936
0.54666	0.094956
0.55765	0.094976
0.54361	0.094996
0.54687	0.095015
0.54463	0.095015
0.55409	0.095035
0.55074	0.095035
0.55154	0.095055
0.54463	0.095055
0.55043	0.095094
0.53883	0.095114
0.55154	0.095114
0.53833	0.095134
0.54657	0.095153
0.53506	0.095173
0.54016	0.095193
0.53731	0.095232
0.53781	0.095252
0.53497	0.095272
0.53822	0.095311
0.53120	0.095351
0.53864	0.095390
0.52744	0.095449
0.53273	0.095508
0.52704	0.095548
0.53009	0.095587
0.52113	0.095627
0.52063	0.095666
0.52011	0.095706
0.52032	0.095745
0.50851	0.095765
0.52235	0.095804
0.50648	0.095844
0.51483	0.095883
0.50415	0.095923
0.50507	0.095962
0.50394	0.096002
0.50282	0.096041
0.49905	0.096080
0.50119	0.096140
0.49164	0.096159
0.50130	0.096199
0.48543	0.096238
0.49753	0.096278
0.49081	0.096337
0.49234	0.096376
0.48665	0.096416
0.48410	0.096455
0.48096	0.096495
0.48166	0.096534
0.47311	0.096574
0.48096	0.096613
0.46732	0.096652
0.47394	0.096692
0.46396	0.096731
0.46812	0.096771
0.46437	0.096810
0.46295	0.096850
0.46091	0.096869
0.46437	0.096909
0.45847	0.096929
0.46112	0.096968
0.45410	0.097008
0.46284	0.097027
0.45236	0.097067
0.45654	0.097086
0.45430	0.097126
0.45033	0.097165
0.44809	0.097185
0.44698	0.097225
0.44240	0.097264
0.44881	0.097284
0.43619	0.097323
0.43976	0.097363
0.43233	0.097402
0.43416	0.097441
0.43213	0.097461
0.43690	0.097501
0.42917	0.097520
0.43233	0.097560
0.42816	0.097580
0.43396	0.097599
0.42387	0.097619
0.43456	0.097639
0.42622	0.097658
0.42928	0.097658
0.43050	0.097658
0.42714	0.097678
0.42439	0.097678
0.42775	0.097678
0.42053	0.097698
0.42845	0.097698
0.41859	0.097718
0.42480	0.097737
0.41849	0.097757
0.42175	0.097777
0.41840	0.097816
0.41910	0.097856
0.41676	0.097875
0.41757	0.097935
0.41066	0.097974
0.41351	0.098014
0.40649	0.098053
0.41422	0.098112
0.40425	0.098152
0.40852	0.098211
0.40283	0.098250
0.40099	0.098309
0.39174	0.098349
0.39673	0.098408
0.38696	0.098447
0.39551	0.098507
0.38167	0.098546
0.38808	0.098586
0.37912	0.098625
0.39113	0.098664
0.38086	0.098684
0.38472	0.098724
0.37729	0.098743
0.37689	0.098763
0.37343	0.098783
0.37679	0.098803
0.37109	0.098803
0.37842	0.098803
0.36926	0.098803
0.37241	0.098803
0.36896	0.098803
0.37698	0.098822
0.37373	0.098862
0.37546	0.098881
0.37018	0.098921
0.37312	0.098960
0.36417	0.099000
0.36916	0.099059
0.35867	0.099098
0.35837	0.099158
0.35135	0.099217
0.35481	0.099296
0.35309	0.099355
0.35207	0.099414
0.34535	0.099434
0.34790	0.099473
0.33966	0.099513
0.34729	0.099532
0.33600	0.099552
0.34749	0.099572
0.33609	0.099592
0.34016	0.099611
0.34250	0.099631
0.34576	0.099651
0.33437	0.099670
0.33792	0.099710
0.33487	0.099769
0.33864	0.099808
0.32552	0.099828
0.33264	0.099868
0.32288	0.099927
0.32491	0.099966
0.32043	0.10003
0.31667	0.10010
0.31686	0.10014
0.31870	0.10020
0.31117	0.10024
0.31575	0.10026
0.31006	0.10030
0.31625	0.10032
0.30212	0.10032
0.30965	0.10032
0.30893	0.10032
0.30954	0.10032
0.30995	0.10032
0.30904	0.10032
0.30843	0.10032
0.31148	0.10032
0.30801	0.10032
0.31708	0.10032
0.30954	0.10032
0.31015	0.10032
0.30435	0.10034
0.30923	0.10036
0.30945	0.10038
0.30476	0.10040
0.30161	0.10042
0.30629	0.10046
0.30334	0.10048
0.31046	0.10050
0.30090	0.10054
0.30080	0.10058
0.29672	0.10060
0.29988	0.10064
0.29398	0.10068
0.29663	0.10072
0.29428	0.10076
0.29205	0.10081
0.28625	0.10085
0.29510	0.10089
0.28726	0.10095
0.28839	0.10099
0.28595	0.10103
0.28279	0.10109
0.27710	0.10113
0.28035	0.10119
0.27577	0.10125
0.27505	0.10131
0.26936	0.10137
0.26550	0.10145
0.26102	0.10150
0.26987	0.10158
0.25807	0.10164
0.25858	0.10172
0.25024	0.10178
0.25055	0.10186
0.24597	0.10192
0.24648	0.10198
0.23305	0.10204
0.23854	0.10208
0.23041	0.10214
0.23427	0.10218
0.22795	0.10223
0.23019	0.10229
0.23264	0.10233
0.23019	0.10237
0.22552	0.10243
0.22858	0.10249
0.22125	0.10255
0.22653	0.10261
0.21422	0.10269
0.21860	0.10275
0.21179	0.10283
0.21454	0.10291
0.20874	0.10296
0.20599	0.10306
0.20680	0.10314
0.20294	0.10322
0.19266	0.10330
0.20161	0.10338
0.19083	0.10346
0.19887	0.10354
0.19154	0.10360
0.18788	0.10367
0.17934	0.10373
0.18422	0.10379
0.17526	0.10385
0.18097	0.10391
0.17670	0.10397
0.18228	0.10401
0.17090	0.10407
0.17964	0.10411
0.17445	0.10417
0.17517	0.10421
0.16916	0.10427
0.16815	0.10431
0.16763	0.10435
0.17395	0.10438
0.16367	0.10442
0.16968	0.10446
0.16449	0.10450
0.16946	0.10452
0.15614	0.10456
0.15919	0.10460
0.15930	0.10462
0.16022	0.10466
0.16275	0.10468
0.16174	0.10470
0.16083	0.10474
0.16560	0.10476
0.15839	0.10478
0.16530	0.10480
0.15045	0.10480
0.15756	0.10482
0.15228	0.10484
0.15411	0.10486
0.15828	0.10488
0.16052	0.10490
0.15594	0.10492
0.16122	0.10496
0.15778	0.10498
0.16255	0.10502
0.14862	0.10506
0.15237	0.10509
0.14862	0.10513
0.14810	0.10519
0.15054	0.10523
0.14954	0.10527
0.14557	0.10533
0.15065	0.10537
0.14435	0.10543
0.14658	0.10547
0.13824	0.10551
0.14149	0.10557
0.13223	0.10561
0.13295	0.10567
0.13742	0.10571
0.13956	0.10577
0.13245	0.10580
0.13376	0.10586
0.13071	0.10592
0.13387	0.10596
0.12704	0.10602
0.12604	0.10606
0.12482	0.10610
0.13123	0.10616
0.12990	0.10622
0.12898	0.10626
0.12064	0.10630
0.12776	0.10636
0.12186	0.10640
0.12766	0.10646
0.11739	0.10651
0.11922	0.10655
0.11423	0.10661
0.11739	0.10667
0.12044	0.10673
0.11871	0.10679
0.11494	0.10685
0.11719	0.10689
0.11575	0.10695
0.12033	0.10701
0.10895	0.10705
0.11331	0.10709
0.10873	0.10715
0.10823	0.10717
0.11037	0.10723
0.11168	0.10726
0.11078	0.10730
0.11240	0.10732
0.10620	0.10736
0.11179	0.10740
0.10498	0.10742
0.10915	0.10746
0.10049	0.10748
0.10468	0.10748
0.10793	0.10750
0.11098	0.10752
0.10681	0.10754
0.10558	0.10756
0.10599	0.10760
0.11037	0.10762
0.10590	0.10764
0.10732	0.10768
0.098969	0.10772
0.099182	0.10774
0.10345	0.10778
0.10060	0.10780
0.10294	0.10784
0.10507	0.10788
0.10080	0.10792
0.10233	0.10795
0.10213	0.10799
0.10355	0.10801
0.091751	0.10807
0.096832	0.10809
0.098267	0.10815
0.092972	0.10821
0.10040	0.10825
0.10080	0.10829
0.095718	0.10833
0.097549	0.10839
0.089111	0.10843
0.093781	0.10849
0.089920	0.10853
0.088394	0.10859
0.092773	0.10863
0.092773	0.10867
0.090942	0.10870
0.093079	0.10876
0.088287	0.10880
0.090027	0.10884
0.084534	0.10888
0.086563	0.10892
0.086670	0.10898
0.091339	0.10902
0.091949	0.10906
0.086868	0.10910
0.084320	0.10914
0.083710	0.10918
0.084122	0.10922
0.088501	0.10926
0.081879	0.10930
0.091644	0.10932
0.086258	0.10936
0.087067	0.10938
0.078323	0.10939
0.081482	0.10943
0.084229	0.10945
0.086456	0.10947
0.082901	0.10949
0.082397	0.10951
0.082291	0.10953
0.087784	0.10955
0.074554	0.10957
0.080658	0.10959
0.080658	0.10961
0.084015	0.10965
0.083710	0.10967
0.080872	0.10969
0.080566	0.10971
0.085342	0.10973
0.074860	0.10975
0.079849	0.10977
0.078735	0.10979
0.087784	0.10981
0.080566	0.10985
0.083206	0.10987
0.082901	0.10989
0.079651	0.10991
0.080566	0.10993
0.080154	0.10995
0.075272	0.10997
0.084839	0.10999
0.076385	0.11003
0.083511	0.11005
0.083405	0.11007
0.079956	0.11009
0.077103	0.11009
0.077820	0.11010
0.079041	0.11010
0.082184	0.11014
0.076385	0.11014
0.082184	0.11016
0.080872	0.11016
0.082184	0.11018
0.073944	0.11018
0.073746	0.11020
0.079346	0.11020
0.082596	0.11022
0.079742	0.11024
0.081070	0.11026
0.078934	0.11028
0.084122	0.11030
0.072525	0.11032
0.075272	0.11034
0.075989	0.11038
0.071716	0.11040
0.078430	0.11042
0.079437	0.11046
0.078934	0.11048
0.074966	0.11050
0.070999	0.11052
0.079849	0.11056
0.073547	0.11058
0.070496	0.11062
0.074966	0.11064
0.080872	0.11066
0.080460	0.11068
0.074661	0.11070
0.075165	0.11074
0.075470	0.11076
0.072327	0.11078
0.076385	0.11082
0.071915	0.11085
0.078323	0.11089
0.078018	0.11093
0.077713	0.11097
0.066223	0.11101
0.074768	0.11105
0.075882	0.11109
0.070389	0.11113
0.071915	0.11117
0.077911	0.11119
0.074051	0.11123
0.079651	0.11127
0.074966	0.11129
0.073441	0.11133
0.069778	0.11137
0.068054	0.11141
0.074463	0.11143
0.076904	0.11147
0.071808	0.11151
0.073746	0.11154
0.072021	0.11158
0.077408	0.11164
0.068863	0.11168
0.070084	0.11172
0.068665	0.11178
0.073334	0.11182
0.073853	0.11188
0.074158	0.11192
0.073029	0.11198
0.076996	0.11204
0.067032	0.11208
0.072830	0.11214
0.067535	0.11218
0.078827	0.11222
0.075073	0.11227
0.071198	0.11231
0.074356	0.11233
0.069580	0.11237
0.072632	0.11239
0.072830	0.11241
0.070389	0.11243
0.078522	0.11243
0.071716	0.11245
0.076599	0.11247
0.077911	0.11249
0.071304	0.11251
0.072937	0.11255
0.068253	0.11257
0.072418	0.11261
0.071106	0.11263
0.071915	0.11267
0.078522	0.11269
0.070587	0.11273
0.072525	0.11275
0.068863	0.11279
0.071106	0.11283
0.071716	0.11287
0.071503	0.11289
0.074158	0.11293
0.071609	0.11295
0.072327	0.11298
0.074661	0.11302
0.068863	0.11304
0.070801	0.11308
0.067230	0.11310
0.073853	0.11314
0.078735	0.11316
0.074554	0.11318
0.073441	0.11322
0.072937	0.11324
0.068359	0.11326
0.074661	0.11326
0.068970	0.11328
0.077515	0.11330
0.075684	0.11332
0.074356	0.11334
0.078323	0.11338
0.071304	0.11340
0.073944	0.11342
0.072021	0.11346
0.069885	0.11350
0.077820	0.11354
0.072937	0.11356
0.077911	0.11360
0.077713	0.11364
0.070389	0.11366
0.068253	0.11369
0.070496	0.11371
0.073334	0.11373
0.072830	0.11373
0.071503	0.11373
0.077301	0.11373
0.074249	0.11373
0.073242	0.11373
0.065918	0.11375
0.070282	0.11375
0.073746	0.11377
0.076187	0.11379
0.076187	0.11381
0.072525	0.11381
0.072525	0.11383
0.077103	0.11385
0.070892	0.11385
0.070801	0.11387
0.071915	0.11387
0.068863	0.11387
0.076385	0.11387
0.074249	0.11389
0.076797	0.11389
0.075165	0.11389
0.074158	0.11389
0.072525	0.11389
0.070282	0.11389
0.071198	0.11389
0.070282	0.11389
0.076187	0.11389
0.079239	0.11389
0.072113	0.11389
0.072937	0.11389
0.070587	0.11389
0.070282	0.11389
0.071411	0.11389
0.073547	0.11389
0.079956	0.11389
0.073029	0.11389
0.075272	0.11389
0.069473	0.11389
0.071808	0.11389
0.075272	0.11389
0.068970	0.11389
0.073441	0.11389
0.078125	0.11389
0.074356	0.11389
0.078217	0.11389
0.079346	0.11389
0.073853	0.11389
0.070801	0.11389
0.067230	0.11389
0.073853	0.11389
0.077209	0.11389
0.074463	0.11389
0.071411	0.11389
0.076691	0.11389
0.078735	0.11389
0.067139	0.11391
0.069275	0.11395
0.074554	0.11399
0.077408	0.11403
0.079742	0.11407
0.077301	0.11411
0.073441	0.11415
0.072830	0.11419
0.071915	0.11423
0.073746	0.11427
0.073944	0.11431
0.081482	0.11435
0.078018	0.11439
0.077911	0.11442
0.081879	0.11446
0.072525	0.11450
0.078430	0.11454
0.076385	0.11458
0.075073	0.11462
0.073853	0.11468
0.075684	0.11472
0.080963	0.11476
0.080566	0.11478
0.079132	0.11482
0.071198	0.11486
0.075470	0.11490
0.079651	0.11494
0.080765	0.11498
0.075577	0.11500
0.082703	0.11506
0.080261	0.11510
0.078125	0.11515
0.076492	0.11519
0.075577	0.11523
0.080154	0.11527
0.073135	0.11531
0.082489	0.11535
0.080658	0.11541
0.082489	0.11545
0.084625	0.11549
0.075684	0.11553
0.079437	0.11557
0.079132	0.11561
0.076080	0.11565
0.083405	0.11569
0.082901	0.11573
0.083099	0.11577
0.080048	0.11579
0.079956	0.11583
0.083313	0.11584
0.080261	0.11588
0.088394	0.11592
0.082489	0.11594
0.084534	0.11598
0.087173	0.11602
0.080658	0.11604
0.083710	0.11608
0.080658	0.11610
0.080460	0.11614
0.086456	0.11616
0.081879	0.11618
0.087784	0.11622
0.089615	0.11624
0.081375	0.11626
0.081375	0.11628
0.078217	0.11628
0.089310	0.11630
0.085342	0.11632
0.084015	0.11632
0.085953	0.11634
0.078522	0.11634
0.083405	0.11634
0.081879	0.11636
0.079239	0.11636
0.086563	0.11636
0.085541	0.11636
0.085342	0.11638
0.082489	0.11638
0.082489	0.11640
0.084320	0.11642
0.081268	0.11642
0.080872	0.11644
0.083206	0.11646
0.088501	0.11648
0.086563	0.11650
0.084930	0.11652
0.081573	0.11654
0.081177	0.11656
0.084732	0.11659
0.084320	0.11661
0.082794	0.11663
0.089111	0.11665
0.088089	0.11667
0.085236	0.11669
0.079849	0.11673
0.083099	0.11677
0.085342	0.11679
0.081573	0.11683
0.088196	0.11687
0.085953	0.11691
0.086060	0.11695
0.088699	0.11699
0.082794	0.11703
0.081573	0.11707
0.085236	0.11709
0.089615	0.11713
0.092560	0.11715
0.086563	0.11717
0.089508	0.11719
0.084427	0.11723
0.086975	0.11725
0.086975	0.11727
0.087372	0.11728
0.093994	0.11730
0.091553	0.11732
0.088806	0.11734
0.091446	0.11738
0.086258	0.11740
0.089310	0.11740
0.085846	0.11742
0.087067	0.11744
0.091553	0.11744
0.089508	0.11746
0.091751	0.11748
0.093582	0.11750
0.084427	0.11752
0.087891	0.11752
0.083008	0.11754
0.091141	0.11756
0.088501	0.11758
0.087585	0.11758
0.091751	0.11760
0.089005	0.11760
0.089722	0.11762
0.085754	0.11762
0.082794	0.11764
0.092361	0.11766
0.090530	0.11766
0.090836	0.11768
0.090836	0.11770
0.090729	0.11772
0.090225	0.11776
0.085953	0.11780
0.083099	0.11784
0.088501	0.11786
0.095215	0.11790
0.093689	0.11796
0.090027	0.11799
0.094086	0.11805
0.086456	0.11809
0.091034	0.11813
0.088806	0.11817
0.090332	0.11823
0.096329	0.11827
0.092667	0.11831
0.089615	0.11837
0.098663	0.11841
0.086456	0.11845
0.093277	0.11847
0.088394	0.11851
0.091339	0.11853
0.089310	0.11857
0.093170	0.11859
0.096527	0.11861
0.094910	0.11865
0.087982	0.11867
0.091949	0.11871
0.085144	0.11872
0.096329	0.11874
0.093582	0.11876
0.091644	0.11878
0.092560	0.11878
0.094193	0.11880
0.093887	0.11880
0.090530	0.11882
0.086060	0.11882
0.094696	0.11884
0.095108	0.11884
0.096634	0.11886
0.093475	0.11886
0.090942	0.11888
0.095306	0.11888
0.089111	0.11888
0.088394	0.11890
0.089417	0.11890
0.097946	0.11892
0.099792	0.11892
0.094604	0.11892
0.097656	0.11894
0.090118	0.11894
0.095306	0.11894
0.091034	0.11896
0.093170	0.11896
0.094391	0.11898
0.094803	0.11900
0.097351	0.11902
0.10121	0.11904
0.090424	0.11906
0.094086	0.11910
0.089111	0.11912
0.097443	0.11914
0.095001	0.11918
0.097351	0.11920
0.094299	0.11924
0.097748	0.11928
0.094299	0.11930
0.091858	0.11934
0.088287	0.11936
0.097748	0.11940
0.096634	0.11943
0.096130	0.11947
0.092056	0.11949
0.099380	0.11953
0.097137	0.11955
0.093887	0.11959
0.093689	0.11963
0.092667	0.11965
0.089920	0.11969
0.099075	0.11973
0.095718	0.11977
0.099380	0.11981
0.095917	0.11985
0.095917	0.11987
0.098160	0.11991
0.095413	0.11993
0.092773	0.11997
0.097351	0.11999
0.10110	0.12001
0.10202	0.12005
0.096741	0.12007
0.10202	0.12011
0.096527	0.12013
0.098572	0.12016
0.098267	0.12018
0.098770	0.12022
0.092667	0.12024
0.098465	0.12026
0.098358	0.12030
0.10223	0.12034
0.096939	0.12036
0.097046	0.12038
0.091858	0.12040
0.10019	0.12044
0.096436	0.12046
0.099472	0.12048
0.10274	0.12052
0.10152	0.12054
0.097046	0.12056
0.10529	0.12060
0.093994	0.12062
0.10213	0.12066
0.095413	0.12068
0.10071	0.12070
0.10121	0.12072
0.10071	0.12076
0.091751	0.12078
0.098160	0.12080
0.099686	0.12082
0.10396	0.12084
0.097443	0.12086
0.10040	0.12086
0.094086	0.12087
0.10233	0.12089
0.095306	0.12091
0.10030	0.12091
0.10538	0.12093
0.10376	0.12093
0.10284	0.12095
0.10548	0.12095
0.099274	0.12097
0.10213	0.12097
0.096222	0.12097
0.10213	0.12099
0.097549	0.12099
0.10182	0.12099
0.10529	0.12099
0.10132	0.12099
0.10263	0.12101
0.10437	0.12101
0.096939	0.12101
0.097946	0.12101
0.093887	0.12103
0.10315	0.12103
0.096741	0.12103
0.10019	0.12105
0.10294	0.12105
0.10193	0.12107
0.099884	0.12107
0.10742	0.12109
0.096741	0.12111
0.10152	0.12111
0.092468	0.12113
0.10507	0.12115
0.098358	0.12117
0.10172	0.12119
0.10274	0.12119
0.10100	0.12121
0.10049	0.12123
0.10426	0.12125
0.096329	0.12127
0.10049	0.12129
0.094299	0.12133
0.10579	0.12135
0.099075	0.12137
0.10091	0.12141
0.10243	0.12143
0.10437	0.12145
0.10701	0.12149
0.10507	0.12153
0.097656	0.12155
0.098663	0.12158
0.098160	0.12162
0.10742	0.12166
0.099472	0.12170
0.10193	0.12176
0.098572	0.12182
0.10121	0.12188
0.10599	0.12194
0.10732	0.12202
0.10172	0.12208
0.10965	0.12214
0.098160	0.12222
0.10620	0.12229
0.10141	0.12237
0.10487	0.12245
0.10162	0.12255
0.10487	0.12265
0.10834	0.12273
0.10681	0.12283
0.10426	0.12291
0.11087	0.12299
0.10100	0.12306
0.10751	0.12314
0.10141	0.12322
0.10732	0.12330
0.10304	0.12336
0.10385	0.12342
0.11108	0.12348
0.10498	0.12354
0.10437	0.12358
0.11128	0.12364
0.10274	0.12366
0.10782	0.12368
0.10040	0.12370
0.10579	0.12372
0.10274	0.12373
0.10579	0.12373
0.099991	0.12375
0.10396	0.12375
0.10803	0.12375
0.11159	0.12375
0.10080	0.12375
0.10915	0.12375
0.10243	0.12375
0.10651	0.12375
0.10213	0.12375
0.10223	0.12375
0.099380	0.12375
0.10426	0.12375
0.10030	0.12375
0.11037	0.12377
0.10548	0.12379
0.10976	0.12381
0.10132	0.12383
0.10751	0.12385
0.10426	0.12387
0.10558	0.12389
0.10385	0.12393
0.10172	0.12395
0.099792	0.12397
0.10895	0.12401
0.10690	0.12403
0.10904	0.12405
0.10080	0.12409
0.10873	0.12411
0.10324	0.12415
0.10213	0.12419
0.10243	0.12421
0.10446	0.12425
0.10030	0.12429
0.10782	0.12433
0.099380	0.12437
0.10884	0.12441
0.10284	0.12445
0.10732	0.12450
0.10355	0.12454
0.10843	0.12460
0.10284	0.12466
0.10100	0.12470
0.10071	0.12476
0.10426	0.12482
0.094604	0.12488
0.10803	0.12494
0.10457	0.12500
0.10477	0.12506
0.10019	0.12510
0.10629	0.12512
0.10609	0.12514
0.10477	0.12516
0.098770	0.12516
0.10172	0.12516
0.097549	0.12516
0.10976	0.12516
0.10498	0.12516
0.10609	0.12517
0.10049	0.12519
0.10812	0.12523
0.10538	0.12527
0.10548	0.12531
0.099686	0.12537
0.099686	0.12543
0.098465	0.12549
0.10710	0.12553
0.096329	0.12557
0.10660	0.12561
0.10233	0.12563
0.10590	0.12563
0.10426	0.12565
0.10468	0.12565
0.10132	0.12565
0.097748	0.12565
0.098969	0.12565
0.10640	0.12565
0.096024	0.12565
0.10690	0.12565
0.10243	0.12565
0.10426	0.12565
0.10294	0.12565
0.10487	0.12565
0.10252	0.12565
0.10091	0.12565
0.098572	0.12567
0.10365	0.12569
0.096436	0.12573
0.11006	0.12577
0.098053	0.12579
0.10568	0.12581
0.10315	0.12583
0.10223	0.12585
0.10558	0.12585
0.10548	0.12585
0.10071	0.12585
0.10252	0.12585
0.095520	0.12585
0.10721	0.12585
0.098160	0.12585
0.10690	0.12585
0.10405	0.12585
0.10252	0.12585
0.10468	0.12585
0.10843	0.12585
0.10141	0.12585
0.10884	0.12585
0.097855	0.12585
0.10437	0.12585
0.097656	0.12585
0.10538	0.12588
0.10263	0.12590
0.10590	0.12596
0.10751	0.12600
0.10518	0.12604
0.10365	0.12610
0.11067	0.12614
0.096024	0.12620
0.10620	0.12624
0.097137	0.12630
0.10762	0.12634
0.098770	0.12638
0.10243	0.12642
0.10365	0.12646
0.10416	0.12650
0.10385	0.12654
0.10651	0.12658
0.097549	0.12660
0.10437	0.12661
0.093384	0.12665
0.10548	0.12667
0.096222	0.12669
0.10100	0.12671
0.10223	0.12673
0.10182	0.12677
0.10223	0.12679
0.10609	0.12683
0.098358	0.12685
0.10426	0.12689
0.094910	0.12693
0.10345	0.12699
0.095306	0.12703
0.10182	0.12707
0.10263	0.12713
0.10162	0.12717
0.10121	0.12721
0.10446	0.12725
0.094604	0.12729
0.099792	0.12734
0.092972	0.12738
0.10345	0.12740
0.096329	0.12744
0.099579	0.12748
0.098877	0.12750
0.099472	0.12754
0.099472	0.12756
0.10385	0.12760
0.094803	0.12764
0.095413	0.12768
0.090836	0.12772
0.10324	0.12776
0.093384	0.12780
0.099472	0.12786
0.097748	0.12792
0.099686	0.12796
0.097137	0.12803
0.10416	0.12809
0.091446	0.12815
0.098770	0.12821
0.090118	0.12827
0.10121	0.12831
0.093781	0.12837
0.10049	0.12843
0.097549	0.12849
0.098465	0.12855
0.093170	0.12861
0.093781	0.12867
0.090027	0.12873
0.099182	0.12878
0.087982	0.12882
0.10172	0.12888
0.095215	0.12894
0.094803	0.12900
0.093079	0.12904
0.097946	0.12910
0.092865	0.12914
0.090836	0.12918
0.084732	0.12922
0.099579	0.12928
0.092865	0.12932
0.095520	0.12936
0.090225	0.12940
0.097351	0.12944
0.089813	0.12947
0.092056	0.12951
0.086563	0.12955
0.095215	0.12959
0.094604	0.12963
0.095612	0.12965
0.088898	0.12969
0.10019	0.12971
0.089111	0.12975
0.093582	0.12977
0.091446	0.12979
0.093689	0.12981
0.097351	0.12983
0.091339	0.12983
0.089813	0.12985
0.10152	0.12985
0.086365	0.12987
0.095612	0.12989
0.085342	0.12989
0.094086	0.12991
0.092056	0.12993
0.090332	0.12993
0.093994	0.12995
0.096527	0.12995
0.084839	0.12997
0.093079	0.12999
0.085648	0.13001
0.099380	0.13003
0.092056	0.13005
0.091141	0.13007
0.087280	0.13009
0.096329	0.13011
0.092560	0.13013
0.087479	0.13015
0.086868	0.13017
0.093170	0.13020
0.089417	0.13022
0.098877	0.13024
0.088196	0.13026
0.093170	0.13028
0.088593	0.13030
0.091858	0.13032
0.088898	0.13034
0.093475	0.13036
0.096024	0.13040
0.096329	0.13042
0.087891	0.13044
0.095215	0.13046
0.085754	0.13050
0.091858	0.13052
0.088089	0.13054
0.092773	0.13056
0.089615	0.13060
0.092361	0.13062
0.087372	0.13064
0.093887	0.13066
0.082794	0.13068
0.092865	0.13070
0.083313	0.13072
0.096634	0.13074
0.085342	0.13076
0.090225	0.13078
0.087067	0.13082
0.093781	0.13084
0.084122	0.13088
0.090118	0.13090
0.083099	0.13093
0.095825	0.13095
0.086761	0.13099
0.092163	0.13103
0.084229	0.13105
0.091141	0.13109
0.084229	0.13113
0.089310	0.13117
0.082184	0.13119
0.092255	0.13123
0.085037	0.13127
0.092667	0.13131
0.083313	0.13135
0.091446	0.13141
0.083405	0.13145
0.087372	0.13151
0.086258	0.13157
0.090332	0.13162
0.084732	0.13166
0.092667	0.13172
0.078735	0.13178
0.087479	0.13184
0.077911	0.13188
0.090729	0.13194
0.081375	0.13198
0.089813	0.13204
0.080261	0.13206
0.086563	0.13212
0.080353	0.13216
0.086670	0.13220
0.075073	0.13224
0.090225	0.13228
0.083206	0.13232
0.087479	0.13235
0.079651	0.13239
0.083511	0.13243
0.082794	0.13247
0.083511	0.13251
0.079651	0.13253
0.083405	0.13257
0.083817	0.13261
0.087067	0.13263
0.076996	0.13267
0.086060	0.13269
0.073944	0.13273
0.087677	0.13275
0.081268	0.13279
0.084839	0.13281
0.080872	0.13283
0.084015	0.13285
0.079041	0.13289
0.081680	0.13293
0.073746	0.13295
0.089111	0.13299
0.078018	0.13301
0.082703	0.13305
0.079651	0.13308
0.083313	0.13312
0.080353	0.13314
0.082703	0.13318
0.072830	0.13322
0.082794	0.13324
0.072830	0.13328
0.088394	0.13330
0.078018	0.13332
0.086258	0.13334
0.077301	0.13336
0.079346	0.13338
0.077103	0.13340
0.082397	0.13342
0.075684	0.13344
0.084732	0.13346
0.076797	0.13348
0.088593	0.13350
0.076294	0.13350
0.083511	0.13352
0.075989	0.13354
0.083710	0.13356
0.079239	0.13358
0.080566	0.13360
0.082184	0.13362
0.085342	0.13364
0.075470	0.13366
0.079239	0.13368
0.074051	0.13370
0.085342	0.13372
0.079041	0.13374
0.081070	0.13376
0.075882	0.13377
0.082901	0.13379
0.075775	0.13383
0.079956	0.13387
0.069977	0.13389
0.085953	0.13391
0.071411	0.13395
0.083710	0.13397
0.073029	0.13401
0.080261	0.13403
0.076080	0.13405
0.077911	0.13407
0.071808	0.13409
0.081482	0.13411
0.074249	0.13413
0.083099	0.13415
0.074860	0.13417
0.083710	0.13419
0.072632	0.13421
0.081787	0.13423
0.076080	0.13425
0.080963	0.13427
0.078522	0.13429
0.082092	0.13431
0.073334	0.13433
0.084229	0.13435
0.072632	0.13435
0.080460	0.13437
0.074463	0.13439
0.080872	0.13441
0.073639	0.13441
0.078018	0.13443
0.076797	0.13443
0.083405	0.13443
0.069977	0.13447
0.079041	0.13450
0.070999	0.13452
0.085236	0.13454
0.072220	0.13458
0.080460	0.13460
0.073334	0.13464
0.080353	0.13468
0.075684	0.13472
0.074249	0.13476
0.072021	0.13480
0.080872	0.13484
0.072220	0.13486
0.082184	0.13492
0.068558	0.13496
0.080048	0.13500
0.071503	0.13502
0.078125	0.13504
0.069672	0.13506
0.079651	0.13508
0.076492	0.13508
0.080460	0.13508
0.070282	0.13508
0.079956	0.13508
0.067230	0.13510
0.080048	0.13510
0.076187	0.13510
0.079041	0.13510
0.076599	0.13510
0.076187	0.13510
0.073639	0.13510
0.082901	0.13510
0.067230	0.13510
0.080353	0.13510
0.071716	0.13510
0.082596	0.13510
0.071808	0.13510
0.076599	0.13510
0.076904	0.13510
0.079651	0.13510
0.069168	0.13510
0.078323	0.13510
0.068863	0.13510
0.080048	0.13510
0.073242	0.13510
0.079346	0.13510
0.071915	0.13512
0.080658	0.13514
0.072418	0.13518
0.075272	0.13520
0.069366	0.13521
0.079437	0.13525
0.068253	0.13531
0.083099	0.13535
0.068253	0.13539
0.078018	0.13545
0.067230	0.13551
0.073441	0.13557
0.071106	0.13563
0.077713	0.13571
0.067139	0.13575
0.074768	0.13583
0.069778	0.13591
0.081482	0.13596
0.067230	0.13602
0.076691	0.13608
0.067230	0.13614
0.075775	0.13622
0.072418	0.13628
0.074860	0.13634
0.072937	0.13640
0.078217	0.13644
0.065399	0.13652
0.078629	0.13658
0.067032	0.13664
0.080963	0.13669
0.072220	0.13675
0.072418	0.13681
0.070999	0.13687
0.073944	0.13695
0.071106	0.13701
0.072220	0.13707
0.067444	0.13713
0.077408	0.13719
0.067841	0.13725
0.077301	0.13731
0.066620	0.13736
0.075470	0.13742
0.066925	0.13746
0.073135	0.13752
0.068863	0.13756
0.075470	0.13758
0.064590	0.13762
0.077209	0.13764
0.066315	0.13766
0.073639	0.13766
0.064484	0.13766
0.073639	0.13766
0.068451	0.13768
0.067749	0.13768
0.065704	0.13768
0.069885	0.13768
0.064392	0.13768
0.071503	0.13768
0.060623	0.13768
0.068146	0.13768
0.059708	0.13768
0.065811	0.13768
0.060730	0.13768
0.065308	0.13768
0.061646	0.13768
0.064590	0.13768
0.057571	0.13768
0.065704	0.13768
0.059814	0.13768
0.063675	0.13768
0.059601	0.13768
0.064178	0.13768
0.059509	0.13768
0.063568	0.13768
0.060410	0.13768
0.062256	0.13768
0.055634	0.13768
0.063980	0.13768
0.055435	0.13768
0.063782	0.13768
0.059097	0.13768
0.062561	0.13768
0.058182	0.13768
0.062256	0.13768
0.056549	0.13768
0.060120	0.13768
0.056152	0.13768
0.063675	0.13768
0.057266	0.13768
0.064285	0.13768
0.055435	0.13772
0.063171	0.13774
0.058487	0.13778
0.061234	0.13780
0.059708	0.13784
0.060516	0.13786
0.060318	0.13790
0.064697	0.13794
0.061127	0.13798
0.066727	0.13802
0.056549	0.13806
0.061646	0.13809
0.058792	0.13815
0.063675	0.13821
0.059708	0.13825
0.061646	0.13831
0.056046	0.13835
0.064178	0.13839
0.059296	0.13845
0.062866	0.13853
0.057358	0.13859
0.064697	0.13863
0.057983	0.13869
0.065399	0.13873
0.057678	0.13879
0.063568	0.13882
0.061035	0.13888
0.065399	0.13892
0.055542	0.13898
0.061844	0.13902
0.054932	0.13906
0.064590	0.13910
0.057266	0.13914
0.060318	0.13916
0.060318	0.13918
0.064285	0.13922
0.061340	0.13924
0.065704	0.13926
0.058792	0.13928
0.063171	0.13930
0.054932	0.13934
0.066223	0.13936
0.059509	0.13938
0.064178	0.13942
0.057983	0.13946
0.064392	0.13950
0.058792	0.13951
0.063782	0.13955
0.058380	0.13959
0.063980	0.13963
0.058884	0.13967
0.064789	0.13971
0.062454	0.13975
0.062866	0.13977
0.057159	0.13979
0.064896	0.13981
0.060730	0.13983
0.058487	0.13985
0.058685	0.13987
0.066315	0.13987
0.059814	0.13989
0.066727	0.13989
0.055542	0.13991
0.063873	0.13991
0.060211	0.13991
0.063782	0.13993
0.061539	0.13993
0.062958	0.13993
0.057983	0.13993
0.065308	0.13993
0.055832	0.13993
0.065002	0.13993
0.058594	0.13993
0.065506	0.13993
0.060928	0.13993
0.064392	0.13993
0.056961	0.13993
0.063477	0.13993
0.062042	0.13995
0.066422	0.13995
0.055542	0.13997
0.061432	0.13999
0.057358	0.14001
0.066620	0.14005
0.062042	0.14007
0.062454	0.14011
0.061127	0.14013
0.064087	0.14017
0.058182	0.14021
0.063675	0.14023
0.058075	0.14026
0.065704	0.14032
0.057877	0.14038
0.064697	0.14042
0.063675	0.14046
0.062866	0.14052
0.061035	0.14056
0.063171	0.14060
0.060928	0.14066
0.061127	0.14070
0.056152	0.14074
0.065399	0.14078
0.060410	0.14082
0.063477	0.14088
0.058884	0.14094
0.064697	0.14099
0.061646	0.14103
0.061737	0.14109
0.059296	0.14113
0.062347	0.14119
0.061340	0.14125
0.067749	0.14129
0.057770	0.14135
0.065201	0.14139
0.056961	0.14143
0.060822	0.14147
0.063065	0.14151
0.062561	0.14155
0.062454	0.14159
0.062958	0.14165
0.058685	0.14168
0.066315	0.14174
0.056351	0.14180
0.064590	0.14186
0.060730	0.14192
0.062866	0.14200
0.064285	0.14210
0.066528	0.14218
0.061340	0.14228
0.062866	0.14238
0.060928	0.14247
0.066620	0.14259
0.059296	0.14271
0.067841	0.14281
0.061432	0.14293
0.065506	0.14303
0.063263	0.14310
0.064590	0.14316
0.063873	0.14324
0.065399	0.14330
0.061737	0.14334
0.065002	0.14338
0.061127	0.14342
0.067535	0.14346
0.060623	0.14348
0.065704	0.14350
0.060410	0.14352
0.063477	0.14352
0.063782	0.14352
0.065811	0.14352
0.062042	0.14352
0.065201	0.14352
0.063065	0.14352
0.066833	0.14352
0.060211	0.14352
0.065506	0.14352
0.062256	0.14352
0.065399	0.14352
0.060623	0.14352
0.067032	0.14352
0.058487	0.14352
0.067947	0.14352
0.062759	0.14352
0.066727	0.14352
0.058380	0.14352
0.066422	0.14352
0.064484	0.14352
0.066528	0.14352
0.063980	0.14352
0.063782	0.14352
0.062759	0.14352
0.068558	0.14352
0.056458	0.14352
0.065918	0.14352
0.060623	0.14352
0.069473	0.14352
0.065002	0.14352
0.063782	0.14352
0.063980	0.14352
0.065002	0.14352
0.061127	0.14352
0.066620	0.14352
0.062149	0.14352
0.066223	0.14352
0.063370	0.14352
0.067337	0.14352
0.063370	0.14352
0.066727	0.14352
0.062561	0.14352
0.063873	0.14352
0.063171	0.14352
0.065811	0.14354
0.058792	0.14356
0.065613	0.14362
0.062958	0.14368
0.065399	0.14374
0.062149	0.14380
0.062866	0.14383
0.064789	0.14389
0.066925	0.14393
0.062653	0.14399
0.067230	0.14405
0.065002	0.14413
0.068146	0.14419
0.059708	0.14427
0.066727	0.14435
0.059601	0.14443
0.066010	0.14451
0.061127	0.14458
0.065308	0.14466
0.064285	0.14470
0.068756	0.14476
0.063873	0.14482
0.067535	0.14488
0.063171	0.14492
0.067032	0.14496
0.061035	0.14500
0.065506	0.14502
0.065811	0.14504
0.068146	0.14506
0.063171	0.14508
0.065308	0.14508
0.064484	0.14508
0.068451	0.14508
0.060516	0.14508
0.068863	0.14508
0.065704	0.14508
0.067947	0.14508
0.065704	0.14508
0.066116	0.14508
0.062454	0.14510
0.067947	0.14510
0.062454	0.14510
0.063782	0.14512
0.063263	0.14516
0.067947	0.14522
0.064697	0.14527
0.063782	0.14535
0.063065	0.14543
0.066116	0.14553
0.061035	0.14563
0.065399	0.14573
0.063782	0.14583
0.067947	0.14595
0.062653	0.14604
0.067841	0.14616
0.062561	0.14626
0.066422	0.14638
0.064178	0.14648
0.065506	0.14660
0.064178	0.14669
0.066833	0.14679
0.063782	0.14689
0.066223	0.14697
0.063873	0.14707
0.066727	0.14715
0.063171	0.14721
0.065918	0.14729
0.063171	0.14733
0.067444	0.14737
0.064484	0.14739
0.065811	0.14740
0.062561	0.14740
0.068756	0.14740
0.057983	0.14740
0.067444	0.14740
0.059204	0.14740
0.070282	0.14740
0.065002	0.14740
0.066528	0.14740
0.065506	0.14740
0.067139	0.14740
0.064590	0.14740
0.067230	0.14740
0.059906	0.14740
0.063980	0.14740
0.063782	0.14740
0.067337	0.14740
0.064392	0.14740
0.067032	0.14740
0.064178	0.14740
0.065094	0.14740
0.063263	0.14740
0.066925	0.14740
0.063171	0.14740
0.069672	0.14740
0.062256	0.14740
0.067230	0.14740
0.062256	0.14740
0.066528	0.14740
0.062561	0.14740
0.066315	0.14740
0.063065	0.14740
0.066925	0.14740
0.062759	0.14740
0.068558	0.14740
0.061539	0.14740
0.064285	0.14740
0.058884	0.14740
0.064697	0.14740
0.064484	0.14740
0.066727	0.14740
0.063980	0.14740
0.067841	0.14740
0.061234	0.14740
0.066422	0.14740
0.061340	0.14740
0.065811	0.14740
0.062347	0.14740
0.064178	0.14740
0.063065	0.14740
0.066727	0.14740
0.063065	0.14740
0.065613	0.14740
0.059509	0.14740
0.066727	0.14740
0.062042	0.14740
0.064178	0.14740
0.063263	0.14740
0.066422	0.14740
0.064789	0.14740
0.065613	0.14740
0.064789	0.14740
0.065918	0.14740
0.061234	0.14740
0.066925	0.14740
0.058990	0.14740
0.068756	0.14740
0.064392	0.14740
0.066223	0.14740
0.059097	0.14740
0.065506	0.14740
0.061035	0.14740
0.065002	0.14740
0.059814	0.14740
0.067642	0.14740
0.061234	0.14740
0.068253	0.14740
0.065704	0.14740
0.066010	0.14740
0.060730	0.14740
0.064087	0.14740
0.064087	0.14740
0.067841	0.14740
0.059097	0.14740
0.066925	0.14740
0.061035	0.14740
0.068146	0.14740
0.057770	0.14740
0.065506	0.14740
0.060730	0.14740
0.066315	0.14740
0.061844	0.14740
0.063263	0.14740
0.063675	0.14740
0.065002	0.14740
0.061737	0.14740
0.066116	0.14740
0.057983	0.14740
0.063675	0.14740
0.063568	0.14740
0.066422	0.14740
0.065201	0.14740
0.065308	0.14740
0.063782	0.14740
0.066422	0.14740
0.057877	0.14740
0.065094	0.14740
0.062958	0.14740
0.067230	0.14740
0.064087	0.14740
0.066925	0.14740
0.061935	0.14740
0.065201	0.14740
0.060211	0.14740
0.066833	0.14740
0.060516	0.14740
0.066620	0.14740
0.063782	0.14740
0.065399	0.14740
0.061646	0.14740
0.065308	0.14740
0.059509	0.14740
0.063171	0.14740
0.061539	0.14740
0.065613	0.14740
0.063782	0.14740
0.069580	0.14740
0.061737	0.14740
0.067139	0.14740
0.061234	0.14740
0.065094	0.14740
0.064789	0.14740
0.063568	0.14740
0.063568	0.14740
0.067139	0.14740
0.064087	0.14742
0.068756	0.14746
0.062042	0.14748
0.066116	0.14750
0.057159	0.14752
0.065201	0.14752
0.063171	0.14754
0.066925	0.14756
0.063782	0.14758
0.063263	0.14760
0.063873	0.14762
0.065201	0.14764
0.062454	0.14766
0.062653	0.14770
0.061127	0.14772
0.064896	0.14778
0.063263	0.14782
0.066620	0.14786
0.061844	0.14792
0.065201	0.14798
0.063477	0.14806
0.066223	0.14813
0.059204	0.14821
0.070999	0.14831
0.065613	0.14839
0.067337	0.14849
0.068359	0.14857
0.065308	0.14865
0.064285	0.14873
0.066620	0.14881
0.062561	0.14886
0.068863	0.14892
0.063675	0.14896
0.068665	0.14898
0.063171	0.14898
0.067749	0.14898
0.062042	0.14898
0.064285	0.14898
0.061737	0.14898
0.066116	0.14898
0.063171	0.14898
0.064896	0.14898
0.062866	0.14898
0.070084	0.14898
0.058792	0.14898
0.063065	0.14898
0.063263	0.14898
0.063782	0.14898
0.063568	0.14898
0.066116	0.14898
0.063263	0.14898
0.068558	0.14898
0.060822	0.14898
0.067139	0.14898
0.062759	0.14898
0.065201	0.14898
0.061340	0.14898
0.065811	0.14898
0.065399	0.14898
0.065704	0.14898
0.063263	0.14898
0.068054	0.14898
0.062347	0.14898
0.065308	0.14898
0.063370	0.14898
0.069473	0.14898
0.064789	0.14898
0.066422	0.14898
0.065918	0.14898
0.064178	0.14898
0.062256	0.14898
0.065811	0.14898
0.062958	0.14898
0.068054	0.14898
0.064178	0.14898
0.069275	0.14898
0.062561	0.14898
0.064697	0.14898
0.062347	0.14898
0.066528	0.14898
0.061340	0.14898
0.064896	0.14898
0.063873	0.14898
0.068970	0.14898
0.060516	0.14898
0.067444	0.14898
0.062653	0.14898
0.066422	0.14898
0.062653	0.14898
0.062347	0.14898
0.064484	0.14898
0.067230	0.14898
0.064087	0.14898
0.068054	0.14898
0.066315	0.14898
0.065704	0.14898
0.062042	0.14898
0.065704	0.14898
0.066010	0.14898
0.066528	0.14898
0.061340	0.14898
0.066833	0.14898
0.064697	0.14898
0.066620	0.14898
0.062866	0.14898
0.065811	0.14898
0.061646	0.14898
0.063980	0.14898
0.068054	0.14898
0.066223	0.14898
0.066620	0.14898
0.069275	0.14898
0.062653	0.14898
0.068863	0.14898
0.062653	0.14898
0.066010	0.14898
0.067230	0.14898
0.071915	0.14898
0.073135	0.14898
0.069473	0.14898
0.068558	0.14898
0.070801	0.14898
0.067535	0.14898
0.074051	0.14898
0.069473	0.14898
0.078735	0.14898
0.072021	0.14898
0.077713	0.14898
0.076385	0.14898
0.072418	0.14898
0.075165	0.14898
0.075989	0.14898
0.071609	0.14898
0.078629	0.14898
0.072525	0.14898
0.083313	0.14898
0.080048	0.14898
0.077515	0.14898
0.074860	0.14898
0.076599	0.14898
0.078125	0.14898
0.081177	0.14898
0.074768	0.14898
0.081879	0.14900
0.079041	0.14900
0.083618	0.14902
0.071915	0.14904
0.079239	0.14906
0.076294	0.14908
0.079437	0.14908
0.080154	0.14908
0.082489	0.14908
0.079346	0.14908
0.083923	0.14908
0.074860	0.14908
0.081070	0.14908
0.071198	0.14908
0.076996	0.14908
0.077820	0.14908
0.080048	0.14908
0.081177	0.14908
0.077911	0.14908
0.077713	0.14908
0.081375	0.14908
0.074661	0.14908
0.077515	0.14908
0.075882	0.14908
0.084930	0.14908
0.083008	0.14908
0.081268	0.14908
0.075989	0.14908
0.079742	0.14908
0.077301	0.14908
0.080566	0.14908
0.077606	0.14908
0.085953	0.14908
0.078323	0.14908
0.082596	0.14908
0.074051	0.14908
0.076691	0.14908
0.076904	0.14908
0.080154	0.14908
0.080765	0.14908
0.082489	0.14908
0.079651	0.14908
0.084534	0.14908
0.074158	0.14908
0.081787	0.14908
0.074661	0.14908
0.076904	0.14908
0.080566	0.14908
0.083099	0.14908
0.077515	0.14908
0.082489	0.14908
0.075775	0.14908
0.081375	0.14908
0.075378	0.14908
0.076691	0.14908
0.078934	0.14908
0.084229	0.14908
0.080765	0.14908
0.081268	0.14908
0.078125	0.14908
0.083313	0.14908
0.077713	0.14908
0.082184	0.14908
0.075989	0.14908
0.088287	0.14908
0.081573	0.14908
0.079651	0.14908
0.074768	0.14908
0.076492	0.14908
0.080353	0.14908
0.082397	0.14908
0.079132	0.14908
0.086258	0.14908
0.081070	0.14908
0.083710	0.14908
0.075378	0.14908
0.078934	0.14908
0.080353	0.14908
0.082397	0.14908
0.080658	0.14908
0.082901	0.14908
0.080566	0.14908
0.083618	0.14908
0.075684	0.14908
0.077911	0.14908
0.075378	0.14908
0.087280	0.14908
0.080566	0.14908
0.083405	0.14908
0.081375	0.14908
0.079956	0.14908
0.077103	0.14908
0.083099	0.14908
0.076492	0.14908
0.086563	0.14908
0.077515	0.14908
0.084625	0.14908
0.084320	0.14908
0.081573	0.14908
0.077911	0.14908
0.080460	0.14908
0.075882	0.14908
0.083618	0.14908
0.075882	0.14908
0.087280	0.14908
0.083099	0.14908
0.080048	0.14908
0.076904	0.14908
0.077209	0.14908
0.081177	0.14908
0.082596	0.14908
0.078522	0.14908
0.085846	0.14908
0.075378	0.14908
0.081070	0.14908
0.074966	0.14908
0.077209	0.14908
0.080353	0.14908
0.081573	0.14908
0.082703	0.14908
0.082092	0.14908
0.079544	0.14908
0.083206	0.14908
0.072632	0.14908
0.080048	0.14908
0.073944	0.14908
0.086761	0.14908
0.083710	0.14908
0.080154	0.14908
0.074768	0.14908
0.077301	0.14908
0.080353	0.14908
0.078827	0.14908
0.077713	0.14908
0.083618	0.14908
0.081268	0.14908
0.084122	0.14908
0.071304	0.14908
0.079437	0.14908
0.078018	0.14908
0.075470	0.14908
0.079956	0.14908
0.080048	0.14908
0.080154	0.14908
0.085236	0.14908
0.074249	0.14908
0.076492	0.14908
0.073441	0.14908
0.076797	0.14908
0.082489	0.14908
0.080963	0.14908
0.078430	0.14908
0.083923	0.14908
0.076599	0.14908
0.083710	0.14910
0.075882	0.14910
0.074463	0.14912
0.078125	0.14912
0.082092	0.14914
0.084015	0.14914
0.081268	0.14914
0.077820	0.14914
0.080048	0.14914
0.076797	0.14914
0.080963	0.14914
0.074860	0.14914
0.083405	0.14914
0.082397	0.14914
0.082489	0.14914
0.083618	0.14914
0.076691	0.14914
0.080353	0.14914
0.078934	0.14914
0.078018	0.14914
0.082703	0.14914
0.076492	0.14914
0.084732	0.14914
0.084839	0.14914
0.077209	0.14914
0.078323	0.14914
0.075775	0.14914
0.079956	0.14914
0.082596	0.14914
0.078217	0.14914
0.082184	0.14914
0.080353	0.14914
0.081375	0.14914
0.076492	0.14914
0.075470	0.14914
0.081375	0.14914
0.080658	0.14914
0.081573	0.14912
0.079437	0.14912
0.078018	0.14912
0.081985	0.14912
0.074554	0.14912
0.077713	0.14912
0.074554	0.14912
0.084427	0.14912
0.084229	0.14912
0.081070	0.14912
0.076385	0.14912
0.075775	0.14912
0.078125	0.14912
0.077911	0.14912
0.074860	0.14912
0.084930	0.14912
0.079132	0.14912
0.083817	0.14912
0.070801	0.14912
0.077713	0.14912
0.078629	0.14914
0.077820	0.14916
0.078735	0.14918
0.082291	0.14922
0.080261	0.14930
0.087677	0.14938
0.073135	0.14950
0.078735	0.14959
0.078125	0.14971
0.076691	0.14985
0.082291	0.14997
0.083923	0.15007
0.081482	0.15013
0.081985	0.15017
0.077515	0.15019
0.080658	0.15019
0.078430	0.15021
0.073242	0.15021
0.079239	0.15021
0.083511	0.15021
0.084122	0.15021
0.082489	0.15021
0.080048	0.15021
0.083008	0.15021
0.079544	0.15021
0.075684	0.15021
0.079544	0.15021
0.087677	0.15021
0.084320	0.15019
0.082703	0.15019
0.077301	0.15019
0.079651	0.15019
0.081573	0.15019
0.080048	0.15021
0.079742	0.15021
0.084015	0.15021
0.081680	0.15021
0.084732	0.15021
0.076187	0.15021
0.078629	0.15021
0.082901	0.15021
0.072830	0.15023
0.081680	0.15027
0.080872	0.15030
0.080261	0.15036
0.085953	0.15042
0.075378	0.15050
0.078125	0.15060
0.080048	0.15070
0.074860	0.15082
0.084015	0.15094
0.082794	0.15107
0.083206	0.15119
0.080154	0.15133
0.075577	0.15145
0.084015	0.15157
0.077408	0.15169
0.076904	0.15180
0.079239	0.15190
0.083206	0.15198
0.085846	0.15206
0.081177	0.15210
0.077209	0.15216
0.080658	0.15220
0.077209	0.15222
0.079041	0.15222
0.075272	0.15224
0.086563	0.15224
0.082291	0.15224
0.081787	0.15224
0.072830	0.15224
0.076187	0.15224
0.084015	0.15224
0.078735	0.15224
0.076080	0.15224
0.083923	0.15224
0.080566	0.15224
0.083405	0.15224
0.075775	0.15224
0.073639	0.15224
0.078323	0.15224
0.075775	0.15226
0.080566	0.15228
0.081482	0.15232
0.080460	0.15236
0.084534	0.15240
0.071915	0.15245
0.079956	0.15249
0.078827	0.15255
0.085144	0.15261
0.083618	0.15265
0.080566	0.15269
0.083710	0.15273
0.079132	0.15275
0.076187	0.15277
0.080566	0.15281
0.076599	0.15285
0.086456	0.15289
0.080460	0.15293
0.082596	0.15299
0.087982	0.15305
0.075989	0.15313
0.080460	0.15320
0.073944	0.15332
0.080658	0.15344
0.081482	0.15356
0.080460	0.15372
0.083511	0.15385
0.074249	0.15403
0.077606	0.15419
0.075272	0.15435
0.074860	0.15451
0.083923	0.15464
0.081787	0.15478
0.077408	0.15492
0.080765	0.15506
0.072113	0.15518
0.081177	0.15528
0.074356	0.15537
0.073029	0.15547
0.079346	0.15555
0.079956	0.15561
0.082092	0.15567
0.074661	0.15571
0.079132	0.15573
0.077820	0.15575
0.073029	0.15577
0.073547	0.15577
0.074661	0.15577
0.084427	0.15577
0.080460	0.15577
0.078217	0.15577
0.075378	0.15579
0.071915	0.15581
0.079239	0.15583
0.074860	0.15585
0.074966	0.15587
0.081787	0.15589
0.079544	0.15593
0.080353	0.15595
0.071503	0.15597
0.073746	0.15599
0.074966	0.15601
0.070892	0.15601
0.079956	0.15602
0.078018	0.15602
0.078522	0.15604
0.079544	0.15606
0.069672	0.15608
0.076904	0.15612
0.072937	0.15614
0.072723	0.15616
0.080048	0.15620
0.079849	0.15622
0.078522	0.15624
0.077820	0.15624
0.076599	0.15626
0.076797	0.15626
0.073242	0.15626
0.069885	0.15626
0.078018	0.15626
0.082901	0.15626
0.079437	0.15626
0.074966	0.15626
0.076492	0.15626
0.078522	0.15626
0.073944	0.15628
0.077911	0.15628
0.076797	0.15630
0.082901	0.15632
0.080765	0.15636
0.076492	0.15640
0.073441	0.15644
0.075073	0.15644
0.078323	0.15646
0.073334	0.15648
0.077209	0.15648
0.081573	0.15650
0.077103	0.15654
0.082794	0.15658
0.083817	0.15662
0.074768	0.15664
0.072937	0.15666
0.072220	0.15670
0.080460	0.15670
0.079239	0.15670
0.078018	0.15670
0.080261	0.15670
0.079437	0.15670
0.076385	0.15670
0.071411	0.15670
0.072525	0.15670
0.078934	0.15670
0.081482	0.15670
0.079544	0.15670
0.073547	0.15670
0.080566	0.15670
0.077713	0.15670
0.073639	0.15672
0.075165	0.15672
0.076996	0.15673
0.084427	0.15675
0.082489	0.15679
0.076187	0.15681
0.082092	0.15683
0.074051	0.15687
0.075073	0.15689
0.076492	0.15691
0.076599	0.15693
0.083405	0.15693
0.077911	0.15693
0.081070	0.15693
0.084229	0.15693
0.073334	0.15695
0.075470	0.15695
0.071915	0.15695
0.075272	0.15697
0.079956	0.15701
0.077103	0.15705
0.079956	0.15711
0.080048	0.15717
0.074860	0.15725
0.070801	0.15731
0.072723	0.15741
0.078735	0.15748
0.080154	0.15756
0.078522	0.15764
0.075577	0.15772
0.078430	0.15778
0.080261	0.15784
0.069977	0.15788
0.073746	0.15794
0.074158	0.15798
0.080353	0.15804
0.081787	0.15808
0.073135	0.15812
0.079742	0.15817
0.073441	0.15821
0.071503	0.15827
0.076691	0.15831
0.075577	0.15837
0.068558	0.15841
0.077713	0.15847
0.075989	0.15851
0.082184	0.15855
0.072113	0.15859
0.074768	0.15863
0.071808	0.15867
0.075272	0.15871
0.073334	0.15875
0.075577	0.15879
0.080353	0.15883
0.080353	0.15887
0.075073	0.15890
0.069580	0.15896
0.070282	0.15902
0.079544	0.15908
0.073242	0.15914
0.076492	0.15922
0.078827	0.15930
0.073639	0.15938
0.078430	0.15948
0.071106	0.15958
0.068756	0.15967
0.071503	0.15977
0.069473	0.15985
0.076385	0.15991
0.071915	0.15997
0.075378	0.16003
0.078522	0.16009
0.073944	0.16015
0.074158	0.16021
0.069366	0.16025
0.068756	0.16029
0.076599	0.16034
0.073334	0.16036
0.076385	0.16040
0.072220	0.16044
0.077911	0.16048
0.074966	0.16052
0.069580	0.16056
0.070801	0.16058
0.073746	0.16062
0.077713	0.16064
0.079544	0.16066
0.074966	0.16068
0.075989	0.16070
0.071304	0.16070
0.072937	0.16072
0.073746	0.16072
0.073334	0.16072
0.079849	0.16072
0.072723	0.16072
0.076797	0.16074
0.079742	0.16074
0.070084	0.16074
0.075470	0.16074
0.067032	0.16074
0.074768	0.16076
0.077408	0.16076
0.071503	0.16076
0.078323	0.16078
0.073334	0.16078
0.069580	0.16078
0.072327	0.16080
0.066925	0.16082
0.076797	0.16084
0.073944	0.16086
0.075775	0.16088
0.074463	0.16092
0.070892	0.16096
0.074966	0.16100
0.070389	0.16103
0.066116	0.16107
0.072220	0.16111
0.075989	0.16115
0.078629	0.16119
0.072327	0.16123
0.073944	0.16127
0.070999	0.16131
0.070190	0.16137
0.072327	0.16141
0.069672	0.16145
0.077713	0.16151
0.074158	0.16155
0.070084	0.16159
0.076904	0.16165
0.065613	0.16169
0.069885	0.16174
0.070190	0.16180
0.069977	0.16186
0.065613	0.16192
0.069885	0.16198
0.076904	0.16204
0.076996	0.16210
0.067337	0.16216
0.069885	0.16220
0.066422	0.16226
0.071808	0.16230
0.066620	0.16234
0.071411	0.16238
0.070999	0.16242
0.069168	0.16246
0.073135	0.16249
0.065002	0.16253
0.066727	0.16257
0.070801	0.16261
0.065399	0.16263
0.073639	0.16265
0.068359	0.16267
0.072021	0.16269
0.071808	0.16269
0.065918	0.16271
0.067642	0.16271
0.068970	0.16271
0.062561	0.16271
0.073746	0.16271
0.069275	0.16271
0.073639	0.16271
0.069366	0.16271
0.067841	0.16271
0.069672	0.16271
0.065399	0.16271
0.064590	0.16271
0.066528	0.16271
0.067749	0.16271
0.071609	0.16271
0.061432	0.16271
0.066116	0.16271
0.063370	0.16271
0.065002	0.16271
0.065308	0.16271
0.063568	0.16271
0.071198	0.16271
0.068054	0.16271
0.065399	0.16271
0.076599	0.16271
0.063263	0.16271
0.071503	0.16271
0.063980	0.16271
0.070892	0.16271
0.068558	0.16271
0.070999	0.16271
0.071106	0.16271
0.067230	0.16271
0.067139	0.16271
0.068054	0.16271
0.065201	0.16271
0.072830	0.16271
0.071915	0.16271
0.069672	0.16271
0.069473	0.16271
0.073242	0.16271
0.072220	0.16271
0.066925	0.16271
0.066010	0.16271
0.073441	0.16271
0.072632	0.16269
0.073135	0.16269
0.068665	0.16269
0.073334	0.16269
0.069168	0.16269
0.066010	0.16269
0.068054	0.16269
0.069366	0.16269
0.074356	0.16269
0.075272	0.16269
0.068359	0.16269
0.074356	0.16269
0.067642	0.16269
0.069778	0.16269
0.069366	0.16269
0.068970	0.16269
0.074463	0.16269
0.069778	0.16269
0.073639	0.16269
0.079041	0.16269
0.064590	0.16269
0.071304	0.16271
0.065201	0.16273
0.073242	0.16273
0.071503	0.16277
0.070084	0.16279
0.073135	0.16281
0.071808	0.16285
0.065918	0.16287
0.068253	0.16289
0.063568	0.16293
0.074463	0.16295
0.072723	0.16297
0.069977	0.16297
0.070496	0.16297
0.070801	0.16299
0.069885	0.16299
0.067947	0.16299
0.064697	0.16299
0.069580	0.16299
0.073639	0.16299
0.076691	0.16299
0.068558	0.16299
0.072525	0.16299
0.067749	0.16299
0.068970	0.16299
0.067749	0.16299
0.070694	0.16299
0.073944	0.16301
0.070587	0.16301
0.070084	0.16301
0.075775	0.16303
0.066223	0.16303
0.072113	0.16303
0.064590	0.16303
0.069366	0.16305
0.071609	0.16305
0.069473	0.16305
0.073944	0.16305
0.074158	0.16307
0.065811	0.16307
0.068253	0.16307
0.063477	0.16307
0.074860	0.16309
0.068146	0.16309
0.071915	0.16309
0.069473	0.16311
0.068756	0.16311
0.070389	0.16311
0.067535	0.16313
0.066422	0.16313
0.070999	0.16313
0.065002	0.16313
0.072113	0.16313
0.069366	0.16315
0.071915	0.16317
0.067749	0.16318
0.071411	0.16320
0.070999	0.16322
0.068558	0.16324
0.064896	0.16328
0.073547	0.16330
0.069977	0.16334
0.075577	0.16336
0.068756	0.16340
0.072327	0.16344
0.067444	0.16348
0.069885	0.16352
0.065506	0.16356
0.069580	0.16360
0.074661	0.16364
0.075882	0.16368
0.066422	0.16372
0.069672	0.16376
0.065918	0.16378
0.070389	0.16382
0.065918	0.16386
0.069275	0.16388
0.073135	0.16391
0.072021	0.16395
0.070496	0.16397
0.072525	0.16401
0.066116	0.16403
0.073547	0.16405
0.061844	0.16407
0.069168	0.16409
0.069366	0.16411
0.069275	0.16411
0.070190	0.16413
0.072113	0.16415
0.066925	0.16417
0.066116	0.16419
0.065094	0.16419
0.074051	0.16421
0.068756	0.16423
0.069473	0.16425
0.067535	0.16427
0.070496	0.16427
0.070282	0.16429
0.068359	0.16431
0.063873	0.16433
0.069168	0.16435
0.061127	0.16437
0.072723	0.16439
0.069168	0.16443
0.069977	0.16445
0.067841	0.16447
0.066620	0.16451
0.068359	0.16453
0.069580	0.16457
0.061646	0.16459
0.072113	0.16462
0.069778	0.16464
0.072327	0.16468
0.065918	0.16470
0.071304	0.16474
0.067032	0.16476
0.067535	0.16478
0.066528	0.16480
0.071411	0.16484
0.070389	0.16486
0.072113	0.16488
0.066422	0.16492
0.069168	0.16496
0.061935	0.16498
0.071411	0.16502
0.067444	0.16506
0.069168	0.16510
0.069580	0.16514
0.071411	0.16518
0.067230	0.16520
0.065811	0.16524
0.064484	0.16528
0.072113	0.16532
0.064087	0.16533
0.075882	0.16535
0.067535	0.16539
0.070282	0.16541
0.069977	0.16543
0.065506	0.16545
0.068146	0.16545
0.064789	0.16547
0.064285	0.16549
0.074768	0.16549
0.070190	0.16551
0.073334	0.16553
0.067841	0.16553
0.069580	0.16555
0.067749	0.16557
0.068970	0.16559
0.063980	0.16561
0.071198	0.16561
0.071609	0.16561
0.075989	0.16563
0.065094	0.16563
0.073334	0.16563
0.065704	0.16563
0.070389	0.16563
0.068863	0.16563
0.070190	0.16563
0.065308	0.16563
0.067841	0.16563
0.069977	0.16563
0.073746	0.16563
0.066116	0.16563
0.072113	0.16563
0.062454	0.16563
0.072113	0.16563
0.068054	0.16563
0.070496	0.16563
0.069473	0.16563
0.072021	0.16563
0.067444	0.16563
0.065506	0.16563
0.063873	0.16563
0.071411	0.16563
0.065399	0.16563
0.069061	0.16563
0.064087	0.16563
0.069275	0.16563
0.069580	0.16563
0.067947	0.16563
0.063980	0.16565
0.070389	0.16567
0.064178	0.16567
0.075882	0.16569
0.066116	0.16571
0.072525	0.16573
0.066528	0.16575
0.065201	0.16575
0.069580	0.16577
0.066925	0.16579
0.064896	0.16581
0.072830	0.16581
0.068665	0.16583
0.075775	0.16583
0.066620	0.16583
0.068665	0.16585
0.065201	0.16585
0.070587	0.16587
0.067947	0.16587
0.070084	0.16587
0.072418	0.16589
0.073853	0.16589
0.065704	0.16589
0.074860	0.16591
0.065201	0.16591
0.071716	0.16593
0.064392	0.16593
0.069473	0.16593
0.069672	0.16595
0.069977	0.16595
0.070892	0.16597
0.073334	0.16597
0.061935	0.16597
0.070801	0.16597
0.064392	0.16599
0.072327	0.16599
0.067444	0.16599
0.071808	0.16599
0.070084	0.16599
0.070282	0.16599
0.067230	0.16599
0.068863	0.16599
0.063873	0.16599
0.070190	0.16599
0.062454	0.16599
0.074463	0.16599
0.067230	0.16599
0.070587	0.16599
0.066422	0.16599
0.066528	0.16599
0.066727	0.16599
0.066528	0.16599
0.064484	0.16599
0.077209	0.16599
0.066727	0.16599
0.073029	0.16599
0.063171	0.16599
0.072113	0.16599
0.068146	0.16599
0.066223	0.16599
0.065704	0.16599
0.072632	0.16599
0.066422	0.16599
0.072525	0.16599
0.065399	0.16599
0.072220	0.16599
0.064484	0.16599
0.070999	0.16599
0.068970	0.16599
0.070694	0.16599
0.070999	0.16599
0.072632	0.16599
0.067444	0.16599
0.075165	0.16599
0.060928	0.16599
0.074463	0.16599
0.063171	0.16599
0.072327	0.16599
0.069275	0.16599
0.068359	0.16599
0.070282	0.16599
0.075882	0.16599
0.062759	0.16599
0.066223	0.16599
0.064484	0.16599
0.076996	0.16599
0.065613	0.16599
0.069168	0.16599
0.066925	0.16599
0.069061	0.16599
0.066833	0.16599
0.069473	0.16599
0.064590	0.16599
0.069977	0.16599
0.070587	0.16599
0.075470	0.16599
0.067230	0.16599
0.073135	0.16599
0.065506	0.16599
0.069885	0.16599
0.064789	0.16599
0.071716	0.16599
0.073746	0.16599
0.074051	0.16599
0.065918	0.16599
0.073547	0.16599
0.065201	0.16599
0.070892	0.16599
0.068054	0.16599
0.068970	0.16599
0.069366	0.16599
0.071503	0.16599
0.070999	0.16599
0.076691	0.16599
0.065308	0.16597
0.069168	0.16597
0.064392	0.16597
0.074661	0.16597
0.067337	0.16597
0.070801	0.16597
0.070084	0.16597
0.073441	0.16597
0.067841	0.16597
0.067337	0.16597
0.060730	0.16597
0.075775	0.16597
0.065308	0.16597
0.072220	0.16597
0.066223	0.16597
0.072418	0.16597
0.067947	0.16597
0.069168	0.16597
0.064789	0.16597
0.071503	0.16597
0.070282	0.16597
0.073242	0.16597
0.064896	0.16597
0.071106	0.16597
0.065506	0.16597
0.069061	0.16597
0.065506	0.16597
0.071716	0.16597
0.064392	0.16597
0.071304	0.16597
0.068756	0.16597
0.078125	0.16597
0.061844	0.16597
0.068970	0.16597
0.065002	0.16597
0.072937	0.16597
0.064590	0.16597
0.072021	0.16597
0.071411	0.16597
0.073029	0.16597
0.065002	0.16597
0.067642	0.16597
0.064697	0.16597
0.074249	0.16597
0.063675	0.16597